5
7
9
11
17
25
27
28
31
36
43
49
52
71
72
77
91
97
105
116
117
129
135
137
140
141
152
155
165
167
175
179
190
198
206
223
225
231
232
238
242
249
250
254
255
263
265
266
273
275
277
278
286
290
295
298
318
322
324
331
332
350
351
354
364
365
373
382
400
403
410
416
427
428
440
445
446
449
461
463
464
469
473
476
478
481
482
485
501
505
518
519
532
533
538
553
566
576
585
589
592
602
604
605
618
619
621
626
629
636
639
646
654
657
663
665
666
669
671
688
690
698
711
715
745
756
773
779
786
787
789
792
796
800
805
813
816
817
828
829
844
850
851
859
866
879
881
882
883
889
901
904
911
913
914
915
916
917
920
921
935
938
955
959
965
978
979
981
984
993
995
997
1001
1003
1004
1009
1022
1027
1035
1038
1043
1045
1048
1070
1071
1075
1079
1087
1092
1096
1103
1109
1119
1125
1126
1145
1150
1154
1156
1170
1173
1174
1175
1184
1190
1191
1192
1198
1199
1202
1204
1206
1211
1214
1215
1219
1223
1224
1234
1237
1244
1246
1248
1252
1262
1266
1268
1271
1273
1274
1275
1284
1287
1310
1321
1323
1324
1330
1339
1343
1350
1357
1358
1360
1361
1364
1367
1369
1370
1374
1387
1391
1406
1418
1420
1424
1426
1429
1440
1441
1442
1444
1445
1451
1456
1461
1469
1474
1478
1501
1507
1516
1522
1523
1524
1533
1535
1538
1543
1546
1547
1550
1555
1558
1561
1575
1580
1595
1596
1604
1614
1615
1617
1619
1622
1624
1627
1629
1630
1636
1643
1651
1657
1660
1666
1677
1681
1687
1688
1693
1694
1713
1717
1719
1721
1724
1732
1733
1735
1741
1744
1750
1751
1753
1760
1761
1769
1770
1772
1773
1779
1785
1789
1805
1811
1815
1816
1823
1824
1828
1840
1842
1849
1855
1857
1868
1869
1870
1878
1902
1903
1919
1920
1925
1926
1929
1933
1938
1941
1943
1952
1953
1956
1957
1960
1966
1971
1975
1982
1984
1992
1994
1997
1998
2014
2018
2019
2027
2029
2036
2046
2067
2071
2079
2081
2082
2086
2093
2096
2098
2099
2105
2107
2113
2121
2122
2136
2138
2141
2150
2151
2152
2159
2161
2164
2167
2175
2194
2198
2204
2209
2213
2226
2238
2245
2260
2262
2266
2275
2276
2278
2289
2303
2304
2315
2316
2320
2321
2325
2328
2329
2349
2356
2357
2359
2362
2364
2368
2371
2375
2376
2383
2385
2392
2393
2399
2403
2408
2415
2419
2421
2426
2431
2433
2437
2442
2452
2458
2462
2465
2467
2469
2474
2478
2493
2495
2502
2523
2527
2529
2530
2542
2546
2551
2558
2561
2570
2574
2575
2578
2583
2585
2587
2588
2591
2601
2609
2614
2617
2622
2624
2629
2636
2640
2649
2657
2662
2667
2673
2674
2682
2686
2700
2701
2711
2714
2730
2732
2737
2747
2748
2750
2753
2754
2756
2759
2760
2769
2777
2779
2782
2795
2796
2803
2809
2813
2827
2835
2846
2852
2854
2860
2861
2868
2877
2878
2879
2883
2885
2886
2887
2889
2893
2903
2905
2907
2917
2931
2942
2944
2950
2963
2964
2976
2994
2995
3002
3005
3011
3013
3019
3022
3024
3036
3043
3066
3083
3087
3089
3098
3104
3107
3108
3112
3117
3118
3119
3120
3126
3133
3140
3148
3150
3156
3163
3164
3187
3190
3200
3202
3210
3214
3219
3222
3228
3231
3237
3246
3257
3267
3269
3273
3277
3286
3293
3294
3298
3302
3309
3315
3329
3331
3333
3334
3336
3349
3351
3354
3358
3360
3364
3367
3368
3369
3371
3384
3390
3393
3414
3416
3419
3422
3426
3454
3459
3476
3492
3500
3515
3516
3519
3524
3525
3536
3540
3541
3549
3555
3561
3563
3574
3585
3588
3589
3590
3598
3599
3602
3605
3626
3632
3639
3651
3658
3665
3670
3671
3674
3683
3689
3697
3705
3706
3711
3712
3713
3717
3719
3725
3727
3728
3735
3739
3740
3741
3745
3747
3748
3751
3756
3761
3766
3795
3796
3799
3808
3812
3815
3817
3823
3828
3831
3832
3833
3835
3836
3839
3843
3853
3855
3862
3865
3869
3873
3875
3881
3883
3887
3889
3901
3903
3913
3914
3926
3928
3937
3947
3949
3970
3988
3990
4001
4008
4011
4017
4026
4054
4064
4067
4068
4070
4071
4078
4085
4089
4090
4100
4104
4109
4113
4119
4122
4123
4124
4126
4128
4134
4135
4141
4152
4156
4162
4166
4167
4187
4192
4193
4212
4222
4225
4231
4246
4261
4267
4272
4277
4281
4289
4292
4301
4302
4306
4309
4310
4314
4315
4316
4325
4326
4330
4332
4342
4343
4349
4355
4356
4369
4374
4409
4416
4433
4439
4444
4449
4457
4469
4471
4473
4474
4477
4486
4487
4488
4490
4492
4493
4497
4503
4506
4522
4526
4527
4546
4559
4562
4563
4569
4575
4576
4577
4579
4594
4599
4607
4615
4620
4621
4624
4654
4662
4666
4670
4673
4679
4693
4695
4696
4697
4702
4710
4711
4712
4718
4722
4724
4729
4731
4740
4741
4742
4746
4751
4761
4765
4776
4778
4779
4780
4787
4795
4802
4804
4811
4816
4821
4828
4838
4854
4857
4860
4863
4869
4870
4871
4876
4884
4887
4900
4902
4903
4909
4910
4912
4926
4927
4930
4935
4939
4952
4953
4954
4962
4963
4964
4968
4970
4974
4980
4981
4984
4985
4998
5006
5021
5033
5046
5054
5056
5057
5060
5061
5063
5075
5090
5093
5099
5100
5106
5120
5121
5122
5129
5130
5134
5139
5161
5162
5171
5172
5176
5182
5189
5191
5196
5197
5198
5200
5201
5203
5206
5209
5211
5222
5226
5231
5232
5233
5238
5240
5241
5242
5244
5245
5254
5255
5262
5264
5270
5279
5282
5292
5297
5298
5312
5313
5314
5321
5322
5326
5333
5340
5343
5347
5356
5357
5362
5365
5367
5377
5378
5380
5389
5391
5405
5420
5428
5430
5445
5451
5456
5457
5473
5478
5502
5507
5512
5516
5518
5519
5527
5531
5534
5536
5538
5543
5548
5552
5558
5564
5569
5575
5577
5584
5592
5595
5602
5604
5608
5612
5617
5622
5636
5641
5653
5656
5658
5661
5663
5668
5679
5681
5690
5692
5697
5709
5717
5726
5734
5739
5747
5750
5752
5756
5761
5767
5770
5778
5779
5780
5781
5790
5795
5796
5800
5803
5809
5812
5822
5824
5834
5839
5840
5851
5864
5873
5876
5878
5880
5892
5895
5898
5899
5907
5917
5926
5934
5938
5947
5950
5952
5956
5957
5959
5967
5969
5981
5991
5996
5997
5999
6001
6006
6017
6044
6051
6058
6063
6064
6065
6070
6071
6085
6086
6091
6096
6098
6105
6106
6114
6115
6124
6127
6133
6137
6139
6152
6153
6154
6161
6165
6174
6184
6189
6201
6205
6213
6216
6219
6221
6222
6239
6240
6241
6246
6248
6250
6253
6257
6259
6269
6275
6285
6287
6307
6310
6321
6330
6333
6343
6344
6346
6360
6362
6363
6365
6370
6372
6374
6379
6381
6382
6383
6384
6387
6409
6425
6437
6442
6443
6446
6453
6454
6455
6467
6477
6478
6479
6481
6486
6493
6498
6500
6507
6509
6514
6517
6519
6521
6523
6527
6532
6540
6541
6547
6549
6553
6557
6562
6564
6566
6578
6579
6581
6587
6597
6601
6613
6623
6625
6630
6639
6642
6646
6651
6652
6655
6659
6661
6665
6672
6678
6680
6685
6686
6700
6707
6717
6723
6731
6735
6741
6751
6755
6766
6767
6771
6774
6776
6781
6783
6797
6798
6805
6807
6811
6818
6819
6820
6824
6826
6837
6842
6849
6850
6856
6858
6859
6862
6863
6864
6867
6872
6881
6882
6884
6895
6900
6909
6911
6914
6917
6919
6920
6922
6923
6929
6931
6933
6964
6969
6971
6977
6978
6981
6991
6993
6996
6999
7003
7008
7023
7025
7026
7036
7037
7039
7040
7044
7045
7047
7054
7056
7060
7067
7072
7073
7085
7095
7107
7111
7122
7124
7126
7136
7142
7148
7149
7150
7155
7157
7158
7163
7173
7176
7183
7184
7185
7188
7192
7203
7208
7216
7220
7226
7228
7235
7246
7247
7248
7257
7262
7263
7273
7275
7276
7280
7281
7289
7293
7296
7306
7307
7308
7310
7314
7318
7321
7331
7336
7350
7351
7357
7371
7376
7393
7394
7402
7412
7417
7422
7423
7438
7440
7442
7444
7451
7452
7455
7458
7468
7472
7473
7474
7479
7481
7501
7504
7510
7512
7515
7517
7523
7524
7527
7531
7533
7551
7556
7592
7604
7615
7623
7643
7644
7649
7652
7656
7667
7668
7673
7675
7683
7686
7687
7693
7718
7721
7732
7747
7748
7750
7756
7764
7771
7776
7777
7778
7782
7789
7793
7795
7798
7801
7811
7813
7815
7816
7823
7824
7825
7827
7828
7830
7834
7843
7844
7849
7858
7862
7865
7868
7869
7876
7878
7881
7882
7883
7885
7902
7904
7911
7915
7919
7924
7928
7953
7954
7955
7962
7975
7977
7978
7985
7992
7993
7995
8004
8006
8009
8012
8015
8038
8043
8045
8048
8055
8062
8067
8078
8096
8100
8102
8103
8107
8110
8127
8128
8129
8135
8139
8147
8159
8161
8162
8175
8177
8179
8180
8182
8194
8195
8202
8208
8211
8219
8220
8226
8232
8233
8240
8254
8261
8269
8270
8271
8274
8286
8291
8295
8297
8302
8308
8309
8324
8329
8333
8337
8339
8349
8363
8366
8377
8395
8396
8415
8425
8435
8438
8445
8449
8450
8451
8471
8475
8476
8500
8510
8513
8518
8528
8529
8531
8535
8536
8541
8551
8554
8555
8557
8565
8568
8573
8576
8579
8586
8587
8594
8600
8601
8605
8606
8619
8622
8629
8635
8636
8637
8641
8642
8646
8658
8670
8672
8674
8676
8677
8684
8686
8687
8693
8695
8699
8710
8725
8730
8732
8733
8735
8736
8750
8752
8757
8766
8770
8774
8776
8779
8780
8782
8786
8798
8803
8810
8830
8831
8834
8835
8836
8838
8840
8841
8854
8867
8874
8885
8888
8892
8894
8907
8910
8915
8919
8925
8930
8931
8935
8937
8938
8941
8950
8951
8957
8958
8970
8973
8976
8977
8982
8989
8995
8998
9003
9015
9016
9021
9030
9036
9046
9052
9057
9058
9069
9070
9082
9083
9085
9089
9090
9093
9098
9107
9111
9113
9114
9116
9117
9121
9123
9132
9136
9149
9150
9152
9153
9158
9160
9167
9169
9171
9177
9187
9189
9193
9205
9213
9216
9225
9226
9227
9230
9239
9250
9257
9260
9266
9267
9277
9281
9283
9296
9298
9300
9305
9306
9313
9318
9320
9322
9324
9343
9366
9375
9379
9382
9383
9387
9391
9393
9395
9400
9404
9415
9426
9428
9429
9431
9440
9443
9451
9461
9463
9474
9477
9479
9486
9489
9490
9495
9508
9510
9519
9520
9522
9524
9532
9536
9537
9538
9540
9541
9544
9546
9552
9556
9559
9565
9566
9588
9590
9593
9605
9607
9610
9620
9638
9640
9644
9646
9655
9662
9677
9684
9692
9697
9700
9701
9705
9709
9725
9726
9745
9755
9768
9778
9781
9785
9811
9829
9832
9834
9838
9848
9854
9866
9873
9875
9891
9899
9904
9905
9906
9913
9914
9929
9931
9933
9934
9937
9941
9947
9953
9964
9969
9974
10002
10003
10008
10012
10015
10034
10035
10038
10040
10057
10060
10087
10089
10092
10106
10110
10111
10118
10130
10139
10142
10180
10184
10189
10190
10194
10200
10201
10202
10224
10232
10236
10238
10241
10259
10279
10285
10289
10295
10299
10312
10323
10337
10340
10346
10347
10369
10371
10372
10377
10386
10398
10403
10407
10408
10412
10427
10432
10441
10446
10455
10460
10461
10465
10466
10471
10478
10479
10482
10483
10487
10490
10493
10495
10499
10508
10510
10512
10519
10525
10526
10541
10554
10558
10560
10561
10569
10573
10585
10589
10591
10593
10596
10598
10601
10613
10624
10638
10641
10642
10653
10658
10675
10682
10688
10691
10692
10705
10707
10708
10709
10711
10714
10732
10735
10739
10742
10743
10746
10751
10763
10764
10768
10779
10784
10787
10794
10804
10805
10807
10808
10823
10824
10829
10830
10834
10844
10849
10858
10869
10884
10889
10896
10906
10907
10921
10930
10931
10947
10955
10957
10958
10972
10974
10976
10977
10980
10989
10993
10994
10995
11006
11010
11012
11023
11027
11032
11045
11046
11048
11055
11057
11063
11066
11072
11074
11078
11087
11088
11089
11095
11099
11106
11108
11109
11112
11117
11126
11128
11134
11140
11144
11157
11160
11162
11164
11170
11173
11183
11198
11199
11214
11220
11225
11227
11242
11251
11252
11255
11257
11259
11269
11276
11291
11305
11312
11321
11322
11327
11329
11333
11339
11341
11342
11353
11358
11362
11363
11373
11376
11381
11392
11406
11420
11424
11446
11448
11452
11474
11477
11478
11482
11495
11502
11508
11513
11514
11521
11524
11533
11534
11542
11555
11568
11570
11574
11578
11580
11585
11602
11619
11620
11628
11634
11642
11653
11654
11664
11665
11676
11680
11685
11689
11697
11706
11716
11720
11722
11728
11730
11731
11734
11735
11757
11762
11770
11771
11783
11788
11789
11791
11819
11822
11823
11829
11831
11832
11834
11835
11837
11845
11856
11868
11871
11874
11877
11879
11886
11887
11890
11891
11905
11908
11921
11924
11931
11940
11956
11972
11973
11974
11977
11978
11981
11982
11985
11996
12001
12004
12011
12022
12029
12033
12039
12042
12062
12069
12077
12083
12089
12096
12099
12101
12106
12115
12119
12123
12124
12125
12127
12128
12130
12143
12147
12153
12156
12167
12170
12171
12184
12193
12205
12208
12220
12230
12234
12235
12236
12240
12243
12247
12261
12263
12265
12269
12271
12276
12285
12291
12295
12301
12309
12310
12312
12321
12329
12330
12341
12346
12357
12367
12369
12384
12388
12392
12396
12407
12427
12433
12436
12438
12447
12451
12453
12454
12461
12464
12466
12468
12469
12474
12479
12484
12488
12489
12494
12499
12502
12510
12524
12527
12531
12533
12537
12538
12539
12542
12543
12546
12556
12563
12566
12569
12570
12583
12584
12587
12592
12600
12604
12616
12619
12626
12627
12636
12641
12645
12658
12666
12677
12685
12700
12703
12712
12720
12721
12728
12731
12732
12741
12760
12774
12775
12777
12784
12793
12810
12811
12813
12814
12843
12850
12861
12866
12885
12890
12897
12901
12906
12909
12917
12926
12933
12937
12949
12951
12960
12961
12966
12970
12973
12974
12977
12983
12985
12989
12996
13000
13004
13010
13016
13017
13019
13023
13039
13051
13057
13069
13075
13102
13112
13121
13125
13132
13137
13138
13139
13140
13142
13149
13154
13160
13163
13166
13169
13178
13192
13195
13197
13219
13226
13237
13238
13240
13246
13249
13253
13254
13267
13268
13281
13283
13284
13286
13289
13290
13298
13302
13306
13310
13319
13321
13323
13330
13333
13335
13336
13353
13360
13365
13366
13369
13376
13378
13385
13386
13387
13390
13399
13402
13404
13409
13418
13419
13422
13428
13433
13434
13446
13455
13456
13478
13479
13484
13490
13506
13509
13519
13526
13527
13529
13530
13536
13542
13545
13550
13551
13552
13556
13565
13571
13594
13600
13603
13604
13605
13612
13614
13617
13624
13660
13661
13663
13666
13667
13671
13672
13676
13681
13683
13691
13698
13700
13711
13732
13739
13740
13741
13757
13759
13770
13774
13776
13785
13789
13798
13803
13810
13811
13814
13818
13822
13825
13826
13829
13836
13840
13869
13871
13879
13881
13892
13893
13906
13909
13910
13913
13916
13925
13926
13927
13931
13937
13944
13957
13971
13977
13979
13986
13989
14000
14007
14013
14016
14024
14025
14035
14036
14038
14049
14053
14062
14067
14071
14074
14075
14078
14080
14087
14089
14093
14094
14097
14105
14108
14111
14123
14125
14129
14131
14137
14140
14150
14159
14181
14188
14190
14192
14194
14200
14205
14207
14209
14233
14237
14238
14241
14242
14247
14257
14258
14260
14262
14266
14270
14281
14294
14299
14306
14322
14323
14324
14326
14328
14334
14336
14338
14354
14358
14366
14368
14380
14385
14407
14409
14425
14430
14444
14456
14466
14470
14476
14479
14480
14482
14483
14486
14489
14492
14505
14506
14510
14511
14514
14523
14526
14554
14560
14562
14572
14575
14579
14581
14582
14591
14599
14602
14604
14608
14609
14617
14624
14625
14655
14656
14672
14682
14683
14685
14688
14696
14697
14698
14701
14708
14709
14712
14721
14727
14728
14732
14733
14735
14739
14746
14751
14755
14756
14766
14769
14779
14786
14787
14796
14803
14804
14808
14811
14820
14821
14833
14838
14845
14848
14850
14854
14863
14866
14878
14887
14899
14900
14902
14917
14926
14928
14940
14976
14982
14983
14984
14993
15004
15010
15012
15015
15023
15024
15026
15029
15034
15036
15038
15051
15053
15058
15060
15068
15073
15075
15087
15089
15092
15094
15105
15108
15111
15113
15119
15121
15122
15127
15132
15143
15146
15149
15151
15162
15167
15174
15185
15192
15193
15199
15211
15213
15220
15222
15237
15240
15242
15246
15249
15258
15264
15268
15285
15286
15290
15294
15312
15317
15325
15329
15335
15336
15337
15338
15340
15341
15346
15347
15351
15360
15362
15369
15370
15372
15373
15376
15377
15381
15384
15385
15386
15389
15392
15396
15400
15403
15405
15408
15410
15412
15413
15416
15429
15431
15432
15435
15437
15439
15442
15445
15447
15450
15455
15459
15460
15462
15475
15483
15486
15492
15501
15503
15505
15511
15514
15525
15526
15528
15539
15541
15542
15543
15548
15555
15559
15570
15591
15592
15601
15606
15615
15623
15624
15631
15636
15638
15640
15644
15655
15656
15660
15674
15676
15681
15692
15700
15702
15705
15706
15712
15715
15718
15719
15733
15737
15738
15745
15746
15749
15752
15756
15762
15771
15783
15784
15785
15787
15792
15795
15796
15797
15805
15816
15818
15826
15837
15861
15867
15873
15874
15885
15886
15888
15890
15899
15901
15904
15920
15956
15957
15961
15964
15973
15980
15985
15990
16001
16025
16029
16031
16045
16048
16064
16085
16087
16089
16095
16103
16108
16109
16112
16125
16134
16145
16150
16154
16157
16160
16171
16182
16187
16188
16191
16194
16203
16217
16218
16219
16230
16232
16234
16240
16241
16242
16248
16252
16259
16271
16274
16278
16281
16292
16295
16301
16303
16314
16315
16322
16334
16339
16344
16346
16353
16355
16358
16359
16360
16361
16362
16366
16370
16371
16372
16393
16400
16401
16404
16420
16422
16425
16437
16451
16453
16470
16474
16478
16484
16486
16487
16489
16491
16496
16500
16507
16511
16513
16518
16523
16528
16529
16538
16540
16551
16571
16573
16580
16594
16598
16614
16617
16624
16631
16633
16637
16660
16661
16663
16670
16680
16682
16683
16684
16693
16694
16699
16703
16704
16709
16713
16714
16717
16721
16729
16730
16733
16745
16749
16753
16765
16767
16774
16788
16796
16803
16807
16808
16809
16816
16817
16823
16824
16828
16838
16845
16849
16857
16864
16869
16884
16888
16891
16892
16893
16894
16897
16920
16924
16930
16932
16934
16935
16941
16947
16953
16957
16959
16964
16970
16975
16978
16993
16995
16997
16998
17001
17008
17013
17024
17025
17030
17031
17042
17043
17044
17051
17056
17060
17068
17092
17094
17095
17097
17101
17107
17108
17122
17124
17128
17154
17163
17166
17171
17180
17185
17189
17195
17201
17204
17207
17209
17211
17215
17216
17217
17222
17224
17231
17234
17236
17259
17263
17264
17266
17267
17272
17274
17277
17294
17296
17301
17307
17310
17312
17326
17327
17331
17348
17349
17355
17359
17376
17386
17389
17406
17416
17418
17420
17431
17436
17446
17447
17449
17450
17453
17455
17464
17471
17474
17476
17477
17504
17506
17514
17525
17527
17533
17548
17550
17559
17561
17562
17568
17569
17576
17586
17592
17601
17602
17605
17609
17629
17652
17655
17657
17660
17666
17667
17670
17674
17676
17681
17682
17688
17690
17691
17693
17696
17709
17713
17718
17730
17732
17733
17747
17748
17759
17760
17763
17775
17776
17780
17782
17790
17797
17801
17811
17818
17830
17838
17843
17850
17860
17862
17863
17866
17892
17893
17894
17895
17897
17901
17907
17908
17913
17921
17922
17930
17938
17949
17953
17955
17960
17964
17971
17974
17975
17981
17993
18003
18006
18014
18017
18022
18024
18031
18037
18039
18042
18049
18050
18051
18053
18077
18080
18090
18106
18117
18119
18120
18128
18131
18134
18145
18148
18159
18163
18166
18175
18179
18188
18192
18204
18205
18209
18222
18230
18233
18236
18240
18243
18256
18258
18261
18267
18278
18283
18287
18288
18291
18293
18298
18304
18305
18306
18313
18333
18338
18348
18350
18355
18357
18361
18371
18373
18378
18381
18386
18387
18388
18391
18394
18401
18403
18409
18411
18416
18418
18424
18425
18437
18442
18449
18460
18462
18473
18485
18486
18496
18503
18505
18507
18509
18511
18515
18517
18521
18534
18536
18540
18541
18551
18558
18560
18571
18578
18588
18596
18599
18601
18602
18603
18610
18621
18622
18626
18632
18633
18636
18641
18653
18663
18666
18667
18678
18687
18698
18710
18713
18724
18727
18728
18731
18732
18739
18744
18746
18751
18752
18754
18755
18759
18766
18771
18776
18778
18780
18790
18795
18802
18807
18808
18809
18813
18814
18827
18830
18839
18851
18852
18862
18869
18876
18880
18882
18890
18892
18893
18898
18905
18906
18909
18912
18918
18933
18934
18951
18952
18960
18961
18965
18968
18969
18986
18987
18997
19000
19002
19007
19015
19016
19019
19020
19025
19031
19039
19043
19055
19062
19070
19076
19083
19094
19095
19098
19104
19125
19139
19146
19149
19155
19156
19165
19166
19167
19169
19173
19180
19182
19184
19188
19198
19210
19212
19214
19218
19219
19221
19226
19249
19260
19263
19275
19277
19282
19289
19290
19295
19305
19308
19317
19319
19326
19328
19342
19349
19353
19354
19358
19361
19370
19373
19374
19383
19391
19401
19405
19408
19412
19415
19416
19426
19430
19441
19451
19452
19466
19481
19484
19488
19489
19493
19495
19496
19498
19499
19502
19504
19506
19511
19523
19525
19549
19556
19565
19568
19572
19584
19590
19594
19598
19603
19604
19607
19609
19614
19616
19617
19619
19624
19625
19628
19639
19644
19651
19654
19659
19665
19669
19674
19679
19681
19693
19711
19718
19723
19726
19737
19743
19752
19756
19761
19764
19788
19811
19813
19816
19820
19822
19825
19829
19831
19839
19841
19848
19850
19855
19860
19864
19865
19871
19884
19886
19890
19897
19902
19909
19916
19917
19918
19920
19929
19936
19938
19945
19952
19961
19965
19966
19968
19969
19972
19974
19976
19979
19983
19984
19989
19996
20006
20007
20008
20010
20011
20015
20024
20029
20032
20046
20056
20071
20074
20083
20085
20086
20088
20095
20099
20107
20110
20115
20132
20142
20148
20157
20175
20184
20187
20190
20191
20202
20206
20207
20217
20218
20234
20238
20241
20243
20244
20245
20256
20264
20272
20276
20279
20288
20292
20302
20304
20311
20317
20318
20322
20324
20330
20334
20335
20336
20350
20353
20354
20358
20365
20366
20368
20371
20372
20374
20394
20395
20410
20415
20418
20420
20427
20434
20436
20447
20450
20453
20454
20455
20458
20465
20473
20478
20479
20480
20483
20486
20487
20489
20492
20496
20503
20504
20506
20514
20517
20519
20525
20546
20550
20551
20552
20554
20555
20561
20563
20570
20571
20576
20577
20580
20581
20593
20603
20620
20623
20626
20633
20635
20642
20643
20655
20658
20660
20662
20664
20667
20668
20676
20685
20701
20710
20715
20720
20731
20734
20742
20743
20745
20749
20753
20758
20771
20775
20778
20785
20791
20792
20793
20797
20800
20804
20805
20811
20814
20816
20821
20823
20835
20837
20847
20862
20864
20869
20870
20893
20895
20903
20909
20914
20923
20941
20943
20944
20946
20948
20950
20958
20960
20961
20963
20964
20966
20975
20994
21005
21018
21020
21047
21053
21070
21082
21091
21092
21093
21094
21101
21102
21105
21109
21113
21117
21119
21124
21131
21153
21154
21155
21157
21165
21175
21176
21180
21183
21203
21206
21209
21214
21230
21236
21237
21246
21258
21261
21266
21267
21277
21281
21295
21303
21308
21314
21317
21318
21333
21338
21344
21353
21356
21367
21368
21370
21372
21374
21378
21386
21387
21391
21393
21398
21407
21408
21411
21413
21422
21427
21429
21432
21439
21449
21451
21452
21459
21463
21466
21467
21486
21487
21491
21500
21506
21507
21514
21517
21520
21528
21531
21549
21550
21555
21556
21559
21560
21569
21574
21594
21602
21605
21610
21611
21625
21628
21632
21638
21640
21657
21659
21661
21662
21678
21684
21687
21691
21692
21693
21695
21696
21697
21699
21710
21719
21720
21733
21742
21764
21766
21774
21789
21790
21794
21800
21801
21822
21839
21841
21845
21853
21860
21862
21867
21873
21882
21888
21889
21900
21902
21912
21922
21925
21930
21937
21939
21943
21947
21950
21959
21962
21965
21976
21979
21980
21985
21990
21993
21999
22005
22009
22015
22017
22020
22033
22038
22039
22044
22049
22057
22065
22070
22072
22073
22075
22082
22083
22084
22088
22092
22094
22102
22104
22120
22126
22127
22133
22135
22136
22142
22143
22147
22154
22162
22168
22171
22179
22199
22205
22209
22216
22218
22219
22228
22240
22242
22245
22248
22251
22258
22261
22262
22267
22271
22281
22284
22289
22294
22324
22327
22342
22349
22351
22363
22366
22369
22371
22383
22386
22392
22402
22404
22406
22409
22413
22422
22424
22430
22433
22442
22447
22449
22450
22451
22454
22457
22459
22461
22467
22470
22474
22489
22491
22499
22511
22519
22527
22530
22535
22552
22564
22565
22586
22588
22597
22604
22606
22608
22616
22617
22622
22631
22639
22640
22641
22647
22652
22655
22661
22668
22678
22683
22687
22698
22699
22701
22708
22719
22721
22723
22732
22734
22739
22755
22781
22788
22789
22801
22807
22808
22834
22845
22856
22862
22868
22869
22874
22878
22883
22889
22905
22906
22911
22923
22925
22926
22928
22929
22930
22946
22955
22960
22965
22966
22974
22977
22986
22993
22995
23004
23006
23011
23012
23019
23025
23031
23035
23039
23043
23047
23050
23057
23059
23062
23071
23084
23085
23088
23090
23105
23106
23110
23135
23138
23149
23153
23158
23162
23170
23171
23176
23193
23198
23199
23201
23211
23226
23227
23233
23239
23255
23258
23260
23266
23274
23276
23282
23283
23285
23292
23301
23304
23305
23307
23321
23322
23336
23338
23343
23347
23349
23353
23356
23362
23364
23365
23370
23376
23379
23382
23384
23385
23388
23394
23404
23407
23432
23444
23447
23455
23458
23461
23463
23468
23477
23478
23481
23487
23488
23489
23490
23493
23497
23500
23501
23502
23513
23518
23528
23530
23554
23559
23560
23561
23569
23584
23591
23598
23600
23614
23618
23619
23625
23626
23645
23646
23648
23651
23656
23662
23670
23672
23673
23674
23687
23691
23693
23695
23704
23711
23713
23718
23720
23726
23730
23738
23752
23753
23757
23760
23768
23776
23777
23790
23793
23795
23797
23805
23806
23827
23843
23846
23851
23863
23865
23868
23876
23886
23896
23900
23904
23905
23913
23919
23924
23926
23932
23942
23946
23948
23950
23956
23979
23985
23990
23994
23999
24001
24002
24008
24011
24020
24022
24023
24037
24038
24042
24043
24048
24061
24064
24065
24090
24096
24100
24111
24131
24136
24139
24144
24147
24148
24154
24156
24163
24164
24165
24190
24198
24213
24214
24216
24219
24225
24226
24229
24242
24245
24247
24248
24249
24251
24255
24256
24279
24280
24284
24285
24289
24291
24305
24310
24311
24323
24327
24329
24330
24333
24341
24346
24350
24357
24360
24363
24369
24383
24390
24391
24407
24409
24413
24414
24427
24436
24438
24442
24450
24456
24458
24460
24462
24465
24478
24483
24489
24493
24499
24504
24505
24507
24517
24530
24535
24540
24542
24550
24552
24554
24555
24560
24561
24565
24567
24568
24569
24577
24578
24591
24593
24601
24605
24618
24621
24625
24630
24638
24641
24649
24652
24654
24659
24683
24685
24688
24701
24705
24707
24713
24716
24725
24728
24731
24738
24745
24746
24747
24748
24749
24755
24756
24770
24779
24781
24788
24790
24801
24803
24812
24817
24821
24826
24835
24838
24841
24846
24847
24857
24858
24864
24867
24868
24884
24887
24888
24890
24891
24895
24902
24903
24907
24911
24914
24919
24920
24928
24962
24967
24971
24976
24981
24984
24989
24996
24998
25005
25011
25014
25017
25018
25020
25027
25031
25038
25040
25046
25051
25053
25060
25061
25068
25072
25082
25088
25094
25096
25102
25104
25107
25117
25120
25129
25130
25137
25150
25152
25166
25176
25178
25182
25204
25208
25220
25236
25249
25253
25263
25266
25267
25269
25274
25275
25290
25298
25299
25300
25304
25305
25330
25338
25340
25343
25348
25349
25351
25358
25364
25371
25372
25379
25387
25393
25399
25400
25402
25422
25424
25426
25435
25437
25457
25460
25466
25477
25489
25504
25512
25517
25529
25535
25537
25538
25544
25549
25550
25553
25556
25560
25563
25572
25573
25577
25578
25581
25585
25586
25606
25611
25621
25627
25630
25631
25632
25636
25656
25665
25671
25684
25687
25692
25695
25698
25703
25715
25716
25726
25735
25738
25740
25756
25759
25760
25776
25781
25788
25789
25794
25804
25810
25814
25819
25824
25825
25827
25829
25837
25839
25854
25857
25860
25862
25865
25866
25868
25880
25882
25883
25887
25891
25894
25898
25899
25900
25904
25906
25911
25912
25913
25916
25918
25919
25924
25929
25937
25963
25964
25968
25971
25972
25979
25981
25982
25992
26005
26007
26013
26014
26015
26021
26027
26033
26045
26048
26055
26059
26060
26066
26077
26098
26108
26112
26118
26124
26127
26131
26136
26138
26145
26146
26154
26160
26163
26166
26168
26174
26176
26183
26185
26198
26199
26208
26242
26244
26245
26248
26251
26259
26267
26270
26271
26272
26279
26280
26283
26285
26286
26289
26290
26291
26302
26304
26308
26309
26311
26320
26324
26325
26327
26333
26341
26345
26352
26361
26365
26367
26378
26381
26383
26388
26397
26399
26403
26426
26428
26429
26439
26448
26451
26454
26456
26472
26480
26485
26489
26491
26494
26503
26504
26532
26533
26537
26542
26549
26553
26555
26556
26561
26563
26566
26568
26573
26575
26591
26599
26600
26605
26608
26610
26621
26624
26644
26649
26655
26658
26679
26688
26696
26699
26715
26731
26739
26740
26752
26753
26773
26778
26780
26784
26785
26787
26793
26794
26797
26798
26801
26820
26824
26827
26848
26851
26862
26867
26868
26872
26874
26875
26883
26888
26890
26906
26908
26909
26915
26920
26930
26946
26952
26955
26957
26960
26967
26968
26982
26983
26991
26997
26999
27020
27031
27032
27033
27035
27040
27041
27042
27050
27054
27057
27075
27077
27080
27084
27086
27092
27094
27100
27113
27116
27125
27134
27135
27146
27148
27151
27156
27158
27160
27166
27171
27195
27197
27201
27206
27210
27213
27214
27222
27225
27230
27240
27243
27247
27249
27266
27271
27274
27275
27279
27284
27287
27288
27294
27303
27320
27327
27329
27333
27346
27352
27359
27362
27364
27370
27372
27374
27383
27387
27389
27390
27394
27397
27401
27411
27414
27427
27431
27432
27442
27449
27450
27451
27468
27470
27476
27483
27487
27488
27489
27495
27497
27504
27507
27513
27520
27522
27525
27527
27541
27546
27557
27562
27565
27567
27571
27575
27576
27585
27589
27592
27597
27602
27604
27606
27610
27615
27625
27633
27634
27640
27642
27648
27663
27665
27668
27672
27675
27679
27684
27688
27690
27693
27694
27695
27696
27701
27702
27718
27722
27724
27731
27735
27751
27772
27776
27781
27784
27789
27792
27795
27800
27801
27814
27815
27820
27830
27836
27849
27850
27855
27857
27858
27860
27877
27885
27894
27896
27899
27907
27911
27914
27919
27921
27924
27928
27936
27943
27951
27953
27957
27958
27968
27975
27978
27980
27986
27991
27998
28000
28013
28022
28043
28052
28061
28070
28078
28085
28091
28095
28098
28103
28112
28114
28126
28128
28132
28134
28135
28138
28148
28157
28159
28169
28175
28177
28184
28185
28190
28191
28193
28195
28197
28199
28200
28216
28225
28228
28231
28238
28243
28246
28247
28257
28264
28270
28279
28281
28289
28300
28330
28332
28341
28346
28356
28362
28367
28374
28377
28390
28391
28392
28396
28404
28407
28409
28412
28414
28422
28430
28435
28438
28447
28451
28468
28469
28479
28482
28485
28499
28503
28504
28506
28514
28523
28527
28539
28544
28550
28554
28570
28573
28576
28577
28583
28585
28589
28597
28598
28599
28600
28604
28607
28611
28613
28619
28621
28625
28638
28641
28642
28644
28647
28652
28663
28666
28668
28679
28686
28688
28705
28710
28711
28712
28727
28735
28745
28763
28770
28781
28789
28790
28797
28804
28806
28807
28810
28816
28819
28832
28842
28844
28858
28861
28872
28879
28882
28885
28887
28888
28890
28895
28898
28903
28909
28912
28913
28927
28929
28934
28937
28938
28939
28945
28949
28950
28951
28953
28960
28963
28965
28969
28971
28973
28984
28990
28992
29001
29016
29024
29027
29034
29036
29037
29039
29049
29051
29053
29065
29067
29075
29082
29090
29091
29093
29108
29116
29121
29131
29137
29144
29146
29149
29155
29157
29158
29160
29161
29171
29174
29175
29176
29177
29180
29186
29189
29199
29201
29203
29207
29224
29228
29233
29236
29246
29247
29250
29254
29256
29259
29270
29283
29285
29289
29292
29293
29298
29308
29311
29312
29318
29320
29326
29327
29349
29351
29352
29360
29365
29375
29379
29381
29384
29395
29397
29399
29404
29418
29419
29422
29423
29435
29437
29442
29458
29464
29480
29490
29491
29492
29516
29521
29529
29530
29539
29543
29545
29555
29559
29562
29564
29565
29568
29581
29592
29596
29598
29603
29604
29605
29610
29618
29620
29625
29626
29629
29632
29637
29639
29642
29646
29648
29652
29653
29661
29672
29673
29678
29679
29681
29683
29693
29694
29710
29712
29718
29734
29737
29738
29745
29746
29755
29768
29771
29776
29779
29780
29786
29787
29789
29798
29801
29813
29821
29823
29836
29856
29857
29874
29881
29884
29888
29892
29894
29895
29896
29900
29906
29907
29909
29910
29915
29917
29922
29926
29928
29929
29937
29940
29941
29949
29954
29959
29960
29964
29967
29971
29973
29974
29984
29989
29990
30005
30006
30011
30015
30017
30032
30033
30039
30045
30046
30047
30048
30052
30056
30064
30069
30075
30091
30094
30099
30105
30108
30113
30116
30122
30126
30141
30153
30164
30170
30179
30187
30201
30202
30208
30209
30218
30220
30240
30242
30248
30254
30259
30263
30265
30268
30277
30280
30289
30290
30292
30304
30306
30308
30314
30316
30317
30325
30336
30343
30363
30371
30380
30390
30407
30408
30413
30414
30415
30418
30423
30429
30434
30441
30445
30453
30461
30471
30475
30477
30481
30482
30486
30487
30496
30499
30501
30502
30508
30512
30516
30519
30522
30530
30534
30538
30540
30546
30547
30572
30575
30578
30580
30582
30587
30590
30600
30605
30617
30621
30624
30625
30634
30640
30645
30646
30649
30656
30658
30663
30664
30666
30669
30670
30671
30683
30691
30692
30698
30700
30704
30707
30716
30717
30718
30720
30732
30735
30749
30754
30764
30765
30766
30772
30776
30789
30791
30812
30814
30815
30816
30818
30819
30825
30828
30831
30835
30850
30866
30870
30872
30874
30875
30878
30882
30883
30884
30889
30894
30905
30907
30919
30921
30928
30933
30934
30951
30962
30963
30977
30978
30993
30996
31000
31002
31009
31012
31021
31025
31027
31033
31036
31043
31051
31055
31058
31064
31070
31073
31077
31078
31083
31087
31099
31102
31104
31109
31126
31138
31140
31146
31155
31156
31157
31163
31165
31169
31170
31181
31200
31213
31223
31225
31229
31237
31240
31242
31248
31251
31260
31262
31263
31265
31271
31275
31277
31284
31287
31292
31298
31300
31302
31303
31323
31324
31327
31330
31340
31343
31355
31356
31359
31360
31364
31365
31368
31370
31374
31394
31406
31415
31416
31417
31432
31433
31436
31437
31438
31457
31461
31463
31465
31469
31475
31480
31483
31488
31490
31492
31497
31519
31520
31528
31545
31553
31556
31561
31566
31586
31587
31589
31594
31597
31604
31612
31618
31619
31629
31637
31650
31656
31663
31676
31677
31681
31682
31686
31692
31694
31695
31703
31711
31712
31714
31717
31718
31719
31723
31743
31744
31756
31764
31765
31782
31784
31786
31788
31796
31798
31799
31801
31802
31810
31813
31817
31820
31840
31842
31849
31850
31851
31860
31861
31872
31874
31880
31887
31897
31898
31910
31911
31915
31919
31924
31925
31935
31942
31946
31957
31962
31965
31968
31971
31972
31981
31996
31997
31999
32002
32006
32012
32017
32021
32026
32027
32036
32039
32051
32052
32081
32084
32087
32097
32101
32102
32105
32107
32114
32117
32121
32123
32129
32135
32136
32140
32144
32183
32194
32195
32199
32203
32211
32216
32230
32234
32240
32243
32246
32248
32254
32267
32271
32275
32280
32288
32295
32305
32309
32320
32326
32330
32332
32337
32357
32359
32361
32364
32373
32381
32382
32391
32396
32407
32419
32439
32442
32445
32451
32458
32459
32465
32468
32469
32473
32474
32476
32489
32492
32499
32506
32508
32514
32523
32531
32535
32537
32544
32548
32557
32563
32564
32565
32569
32580
32582
32587
32589
32590
32608
32610
32614
32616
32620
32633
32636
32641
32643
32646
32652
32654
32658
32665
32667
32676
32683
32687
32689
32704
32705
32711
32733
32745
32748
32749
32754
32757
32764
32765
32766
32771
32781
32782
32787
32788
32798
32799
32801
32804
32816
32822
32841
32847
32857
32862
32865
32867
32882
32886
32892
32893
32896
32898
32900
32903
32905
32913
32915
32916
32918
32924
32925
32931
32941
32947
32951
32958
32959
32962
32964
32967
32968
32972
32975
32980
32988
32989
32996
32997
33005
33008
33010
33013
33016
33020
33021
33027
33037
33040
33048
33050
33059
33061
33064
33065
33066
33068
33077
33101
33115
33116
33118
33124
33128
33139
33154
33162
33166
33170
33173
33174
33176
33182
33186
33188
33200
33210
33211
33215
33219
33228
33229
33235
33239
33241
33249
33250
33254
33258
33264
33267
33270
33271
33273
33291
33300
33301
33305
33311
33319
33321
33323
33339
33341
33343
33345
33348
33351
33360
33362
33364
33372
33380
33383
33404
33408
33418
33426
33430
33432
33436
33439
33442
33447
33448
33449
33460
33476
33485
33496
33527
33530
33534
33536
33542
33547
33554
33557
33561
33562
33564
33570
33581
33586
33591
33593
33597
33599
33603
33610
33614
33615
33620
33622
33628
33630
33640
33646
33649
33650
33660
33669
33670
33671
33684
33689
33691
33694
33695
33697
33710
33711
33712
33714
33715
33716
33742
33746
33748
33771
33772
33781
33783
33795
33797
33809
33820
33822
33829
33839
33847
33849
33850
33861
33863
33894
33905
33908
33921
33927
33934
33940
33944
33947
33948
33951
33953
33955
33956
33963
33971
33975
33977
33987
33996
34002
34004
34011
34016
34022
34023
34027
34029
34040
34041
34054
34061
34064
34065
34067
34074
34075
34076
34077
34078
34086
34106
34110
34125
34140
34143
34144
34152
34160
34170
34176
34203
34215
34223
34229
34241
34245
34248
34250
34257
34263
34264
34267
34271
34274
34286
34287
34291
34294
34298
34303
34306
34317
34328
34333
34343
34349
34352
34356
34358
34365
34382
34386
34390
34391
34396
34403
34404
34405
34410
34412
34418
34425
34434
34437
34446
34447
34453
34458
34461
34465
34469
34480
34482
34484
34485
34487
34499
34503
34508
34511
34515
34525
34536
34538
34549
34557
34563
34569
34571
34574
34575
34583
34592
34593
34598
34602
34607
34611
34616
34618
34621
34624
34625
34641
34649
34650
34651
34652
34654
34657
34662
34664
34669
34672
34678
34686
34687
34688
34699
34700
34707
34710
34721
34726
34727
34731
34732
34735
34740
34741
34745
34746
34748
34763
34778
34786
34795
34809
34810
34813
34823
34826
34833
34836
34839
34840
34841
34843
34851
34852
34853
34858
34861
34864
34868
34873
34879
34896
34906
34913
34916
34918
34931
34949
34952
34962
34973
34975
34977
34978
34980
34988
34993
34995
34997
34998
34999
35003
35017
35019
35025
35027
35043
35048
35049
35060
35064
35065
35070
35077
35079
35080
35093
35100
35104
35107
35129
35131
35145
35158
35166
35181
35190
35199
35200
35201
35206
35207
35223
35240
35250
35251
35252
35253
35285
35288
35297
35303
35304
35307
35311
35314
35317
35322
35324
35326
35328
35332
35335
35340
35350
35353
35356
35357
35361
35365
35376
35379
35385
35386
35389
35391
35399
35401
35417
35431
35432
35434
35441
35444
35447
35454
35456
35461
35464
35467
35468
35470
35472
35482
35492
35510
35511
35539
35543
35555
35558
35560
35564
35569
35570
35572
35576
35578
35579
35587
35589
35599
35621
35624
35625
35628
35636
35645
35646
35653
35659
35662
35666
35677
35688
35690
35703
35714
35716
35723
35738
35743
35744
35751
35752
35776
35777
35783
35785
35792
35793
35820
35824
35825
35829
35836
35844
35849
35857
35863
35868
35872
35873
35895
35897
35907
35909
35932
35939
35941
35947
35949
35987
35992
35996
35997
36009
36018
36024
36025
36028
36035
36039
36049
36057
36062
36067
36069
36073
36075
36077
36084
36089
36099
36105
36109
36118
36124
36128
36143
36144
36146
36148
36149
36157
36158
36171
36175
36180
36182
36195
36201
36203
36215
36219
36229
36240
36243
36247
36255
36256
36263
36267
36269
36274
36283
36284
36291
36292
36297
36298
36299
36309
36319
36328
36345
36347
36356
36357
36359
36362
36367
36375
36376
36383
36387
36389
36390
36400
36401
36402
36407
36412
36413
36421
36424
36427
36429
36434
36437
36440
36445
36447
36452
36457
36464
36476
36479
36480
36482
36483
36495
36496
36498
36500
36501
36505
36507
36530
36532
36538
36550
36552
36553
36554
36555
36557
36559
36564
36571
36576
36579
36596
36605
36606
36608
36609
36617
36627
36644
36654
36660
36663
36666
36687
36700
36705
36707
36712
36742
36749
36751
36760
36765
36776
36779
36790
36793
36795
36802
36805
36819
36821
36823
36824
36826
36828
36843
36848
36860
36867
36869
36870
36875
36879
36901
36921
36926
36927
36934
36937
36941
36944
36952
36955
36963
36966
36969
36978
36986
36993
36994
37003
37009
37014
37016
37023
37025
37036
37040
37043
37061
37072
37073
37076
37077
37078
37080
37093
37101
37117
37122
37123
37129
37156
37162
37165
37170
37171
37183
37194
37197
37207
37210
37213
37217
37219
37222
37226
37229
37241
37242
37250
37253
37256
37282
37288
37295
37299
37310
37316
37320
37330
37338
37341
37349
37361
37363
37366
37370
37371
37377
37378
37387
37395
37398
37399
37400
37401
37404
37407
37410
37413
37419
37431
37434
37441
37446
37447
37452
37459
37462
37465
37469
37472
37475
37476
37479
37480
37481
37505
37506
37507
37509
37516
37556
37560
37562
37565
37570
37600
37603
37622
37629
37641
37644
37647
37656
37658
37662
37665
37668
37669
37673
37680
37689
37708
37710
37720
37724
37730
37735
37738
37744
37745
37748
37756
37763
37770
37772
37778
37784
37791
37797
37800
37809
37821
37822
37829
37830
37832
37834
37838
37842
37850
37861
37862
37865
37868
37871
37873
37876
37884
37890
37892
37894
37895
37898
37905
37912
37916
37918
37920
37932
37944
37945
37957
37964
37965
37968
37971
37978
37979
37980
37993
37997
38007
38009
38014
38024
38026
38028
38040
38046
38048
38049
38053
38056
38064
38068
38086
38092
38095
38101
38104
38106
38109
38112
38122
38129
38135
38138
38163
38171
38172
38175
38176
38180
38184
38187
38190
38195
38196
38197
38200
38202
38203
38211
38217
38220
38236
38242
38247
38248
38249
38252
38265
38273
38280
38289
38290
38295
38297
38311
38315
38320
38328
38343
38344
38348
38359
38361
38363
38367
38368
38370
38371
38374
38378
38387
38389
38390
38403
38405
38406
38408
38421
38433
38446
38461
38462
38463
38469
38474
38476
38479
38480
38484
38486
38487
38492
38493
38494
38495
38497
38499
38502
38503
38507
38509
38517
38518
38523
38526
38534
38536
38539
38544
38553
38560
38566
38568
38573
38579
38581
38594
38598
38605
38610
38616
38617
38625
38628
38634
38637
38640
38652
38658
38661
38670
38674
38686
38689
38690
38691
38698
38705
38710
38715
38723
38725
38727
38732
38735
38738
38739
38745
38746
38749
38751
38755
38762
38763
38769
38773
38776
38783
38784
38803
38804
38808
38818
38823
38841
38851
38860
38861
38868
38879
38880
38883
38885
38886
38893
38897
38901
38908
38912
38926
38931
38936
38938
38943
38945
38946
38958
38959
38962
38966
38967
38968
38974
38983
38987
38999
39000
39001
39009
39016
39017
39018
39021
39022
39027
39045
39050
39059
39060
39072
39083
39085
39088
39090
39094
39098
39105
39107
39109
39112
39130
39131
39133
39147
39153
39158
39159
39166
39167
39168
39176
39187
39188
39189
39192
39196
39197
39203
39206
39208
39210
39214
39216
39218
39220
39232
39236
39246
39248
39252
39258
39260
39262
39267
39271
39272
39284
39295
39305
39312
39315
39322
39328
39337
39351
39353
39365
39366
39367
39370
39383
39397
39404
39408
39413
39416
39420
39427
39430
39438
39439
39444
39445
39451
39453
39457
39462
39468
39470
39476
39480
39482
39484
39490
39492
39493
39498
39509
39510
39511
39518
39519
39520
39522
39523
39524
39533
39540
39543
39547
39564
39569
39574
39575
39576
39577
39587
39598
39599
39614
39618
39620
39622
39624
39642
39643
39645
39646
39647
39649
39650
39664
39665
39668
39679
39680
39693
39699
39718
39725
39726
39727
39729
39735
39738
39740
39756
39761
39762
39765
39769
39778
39782
39786
39794
39805
39808
39812
39826
39828
39830
39835
39846
39847
39849
39850
39851
39862
39867
39889
39890
39891
39899
39905
39906
39911
39916
39919
39920
39922
39924
39925
39930
39936
39941
39954
39959
39963
39967
39971
39973
39976
39983
39994
39997
40008
40010
40012
40018
40028
40029
40040
40041
40043
40051
40054
40058
40063
40067
40070
40071
40078
40081
40084
40092
40106
40107
40122
40123
40126
40137
40138
40140
40145
40151
40153
40157
40159
40160
40161
40166
40171
40174
40177
40178
40179
40182
40191
40194
40196
40197
40198
40210
40215
40222
40225
40228
40231
40243
40244
40259
40265
40272
40277
40281
40288
40298
40302
40304
40305
40306
40310
40328
40330
40346
40352
40355
40363
40377
40379
40384
40385
40386
40391
40393
40409
40412
40415
40418
40421
40423
40432
40441
40444
40446
40450
40470
40478
40489
40492
40508
40509
40514
40524
40526
40542
40560
40574
40576
40582
40584
40586
40587
40588
40610
40611
40615
40624
40625
40627
40630
40631
40633
40636
40640
40653
40657
40659
40674
40675
40677
40688
40694
40705
40709
40716
40724
40738
40740
40749
40752
40756
40758
40766
40768
40773
40777
40778
40793
40801
40802
40807
40830
40839
40846
40852
40853
40860
40878
40881
40882
40883
40886
40887
40892
40916
40918
40934
40935
40943
40947
40950
40958
40960
40970
40971
40972
40976
40977
40984
40987
41000
41002
41006
41008
41012
41014
41026
41030
41059
41062
41071
41072
41074
41087
41099
41102
41106
41113
41117
41128
41136
41139
41159
41161
41170
41174
41182
41189
41191
41203
41205
41207
41208
41210
41213
41221
41223
41231
41254
41257
41264
41269
41272
41274
41275
41280
41286
41292
41298
41316
41322
41327
41329
41340
41341
41342
41344
41347
41353
41366
41368
41371
41379
41389
41399
41410
41412
41417
41425
41430
41433
41442
41447
41449
41452
41458
41464
41467
41470
41472
41473
41477
41481
41484
41487
41489
41506
41513
41515
41517
41527
41531
41532
41535
41539
41543
41548
41553
41554
41563
41566
41569
41570
41575
41589
41593
41596
41599
41603
41610
41613
41626
41627
41632
41635
41636
41638
41644
41648
41661
41669
41681
41684
41685
41689
41691
41697
41704
41716
41722
41723
41727
41728
41734
41744
41749
41765
41774
41777
41779
41782
41792
41794
41795
41801
41806
41809
41816
41817
41819
41823
41824
41827
41828
41829
41833
41843
41851
41870
41871
41875
41883
41889
41913
41921
41924
41932
41938
41940
41944
41946
41961
41962
41971
41977
41984
41986
41994
41995
41997
42000
42007
42011
42014
42028
42031
42032
42046
42051
42054
42057
42066
42077
42079
42082
42088
42089
42090
42091
42098
42108
42109
42112
42127
42132
42138
42144
42146
42147
42154
42159
42166
42175
42177
42187
42194
42197
42203
42211
42212
42220
42230
42239
42250
42257
42274
42291
42295
42299
42309
42315
42323
42329
42331
42333
42334
42335
42338
42341
42344
42355
42357
42359
42362
42363
42368
42370
42371
42375
42386
42391
42401
42403
42414
42417
42419
42424
42426
42427
42444
42445
42446
42447
42453
42459
42461
42485
42490
42500
42504
42518
42521
42523
42530
42535
42542
42556
42559
42560
42562
42566
42570
42572
42593
42594
42595
42597
42606
42615
42626
42631
42632
42638
42641
42642
42645
42649
42668
42669
42672
42682
42684
42685
42688
42699
42710
42712
42723
42725
42748
42749
42763
42771
42774
42784
42802
42803
42806
42810
42812
42819
42820
42823
42830
42831
42840
42851
42853
42861
42863
42875
42883
42889
42897
42898
42905
42910
42913
42918
42921
42922
42926
42930
42934
42937
42940
42941
42944
42945
42947
42953
42955
42958
42962
42963
42967
42969
42970
42972
42983
43004
43010
43029
43031
43035
43040
43043
43047
43051
43055
43076
43084
43094
43095
43096
43097
43099
43100
43102
43108
43109
43119
43123
43127
43130
43161
43162
43164
43167
43168
43184
43195
43204
43212
43223
43224
43225
43228
43231
43232
43233
43234
43235
43236
43239
43240
43241
43251
43253
43258
43259
43278
43281
43283
43290
43291
43294
43296
43306
43312
43314
43318
43322
43332
43333
43337
43345
43348
43353
43355
43358
43362
43366
43381
43395
43397
43398
43400
43405
43410
43412
43416
43421
43425
43428
43444
43463
43472
43485
43494
43496
43500
43508
43516
43520
43533
43534
43535
43536
43545
43547
43554
43557
43563
43570
43573
43577
43581
43594
43596
43608
43610
43611
43612
43616
43619
43626
43631
43632
43644
43657
43671
43674
43680
43681
43682
43684
43685
43687
43691
43694
43697
43718
43732
43755
43764
43765
43770
43774
43784
43786
43790
43791
43792
43793
43813
43815
43818
43820
43821
43822
43825
43833
43836
43837
43842
43851
43870
43882
43900
43904
43912
43915
43918
43922
43924
43927
43936
43941
43945
43948
43953
43954
43974
43979
43980
43982
43983
43984
43998
44007
44008
44009
44021
44023
44028
44041
44061
44065
44073
44078
44079
44080
44085
44086
44090
44108
44109
44112
44113
44121
44124
44131
44141
44154
44155
44163
44178
44185
44197
44202
44207
44208
44219
44231
44236
44243
44244
44247
44253
44256
44259
44260
44262
44268
44289
44292
44295
44303
44307
44317
44318
44324
44329
44332
44335
44337
44348
44351
44355
44363
44366
44374
44386
44396
44409
44410
44418
44420
44461
44465
44472
44476
44490
44491
44493
44496
44498
44503
44509
44517
44525
44526
44544
44550
44558
44571
44574
44579
44582
44586
44587
44592
44596
44607
44620
44625
44630
44633
44650
44657
44658
44659
44660
44667
44670
44672
44685
44686
44688
44690
44692
44693
44695
44696
44703
44714
44720
44729
44737
44739
44740
44743
44748
44758
44764
44765
44768
44772
44782
44783
44784
44800
44805
44807
44809
44822
44826
44827
44833
44838
44851
44855
44857
44865
44877
44879
44888
44889
44890
44899
44900
44904
44908
44911
44915
44923
44930
44931
44936
44947
44955
44961
44962
44969
44971
44975
44976
44979
44980
44981
44991
44993
45001
45002
45005
45014
45015
45017
45024
45027
45049
45052
45055
45058
45065
45077
45080
45085
45088
45094
45116
45121
45131
45133
45134
45145
45149
45154
45161
45169
45175
45186
45187
45188
45192
45204
45212
45219
45222
45228
45237
45244
45245
45249
45251
45272
45282
45298
45299
45300
45304
45305
45310
45311
45319
45329
45336
45339
45346
45348
45351
45357
45365
45366
45382
45383
45388
45398
45411
45416
45421
45423
45428
45436
45437
45438
45447
45452
45459
45460
45461
45466
45469
45478
45484
45487
45489
45505
45506
45509
45518
45520
45523
45534
45535
45544
45558
45560
45562
45567
45570
45585
45591
45601
45614
45615
45625
45627
45628
45655
45660
45664
45670
45677
45688
45690
45694
45708
45713
45724
45731
45732
45734
45738
45743
45756
45768
45769
45771
45772
45776
45779
45783
45784
45786
45790
45792
45795
45796
45800
45802
45810
45814
45815
45826
45827
45834
45838
45856
45859
45871
45888
45892
45895
45898
45910
45933
45935
45942
45946
45951
45953
45969
45973
45977
45980
45986
45991
45994
45997
45998
46003
46021
46031
46033
46035
46036
46039
46043
46045
46062
46069
46073
46079
46080
46087
46089
46090
46094
46101
46118
46121
46131
46133
46141
46146
46148
46153
46164
46169
46174
46175
46182
46184
46200
46205
46206
46212
46214
46225
46227
46229
46233
46235
46238
46240
46246
46251
46255
46258
46277
46280
46281
46289
46303
46312
46322
46323
46334
46335
46347
46349
46351
46359
46362
46378
46390
46395
46411
46413
46420
46423
46424
46434
46435
46453
46456
46459
46462
46464
46466
46469
46470
46474
46487
46490
46493
46498
46500
46506
46521
46524
46542
46545
46547
46553
46558
46564
46566
46571
46574
46577
46583
46586
46588
46589
46591
46595
46602
46605
46606
46608
46609
46614
46623
46624
46626
46631
46636
46639
46640
46654
46656
46664
46671
46676
46681
46684
46687
46688
46690
46695
46698
46701
46704
46707
46713
46723
46734
46736
46746
46748
46756
46758
46759
46766
46773
46779
46782
46783
46784
46785
46792
46805
46806
46808
46813
46819
46821
46824
46827
46831
46834
46843
46844
46845
46846
46860
46864
46866
46882
46887
46893
46894
46895
46904
46905
46907
46910
46911
46915
46922
46923
46924
46929
46930
46931
46935
46936
46944
46946
46947
46948
46952
46954
46966
46967
46979
46980
46994
46997
46999
47000
47006
47008
47010
47011
47012
47021
47029
47039
47060
47061
47072
47080
47082
47086
47087
47088
47092
47096
47108
47110
47112
47114
47115
47119
47121
47123
47124
47125
47126
47128
47135
47138
47143
47147
47150
47165
47173
47176
47182
47191
47197
47200
47201
47202
47205
47209
47212
47213
47219
47222
47223
47227
47231
47232
47238
47242
47245
47246
47251
47255
47263
47266
47267
47273
47278
47288
47291
47293
47295
47299
47304
47305
47307
47319
47327
47353
47359
47363
47367
47368
47373
47374
47375
47394
47395
47404
47405
47418
47419
47433
47445
47447
47450
47455
47460
47467
47471
47474
47475
47485
47486
47487
47488
47499
47505
47511
47513
47517
47532
47533
47534
47538
47544
47557
47559
47579
47585
47594
47595
47607
47611
47614
47622
47626
47631
47633
47637
47646
47650
47672
47673
47676
47688
47693
47706
47707
47711
47717
47718
47720
47724
47725
47726
47732
47733
47735
47741
47742
47757
47760
47762
47763
47764
47766
47774
47776
47780
47781
47785
47788
47790
47797
47807
47809
47812
47819
47820
47832
47836
47841
47847
47850
47853
47854
47858
47859
47861
47867
47874
47892
47896
47902
47914
47915
47919
47920
47925
47927
47929
47934
47943
47953
47960
47962
47965
47972
47978
47981
47992
47996
48004
48009
48012
48014
48015
48032
48040
48050
48055
48071
48074
48078
48081
48085
48090
48097
48101
48104
48113
48129
48135
48136
48140
48142
48152
48160
48171
48174
48176
48177
48191
48193
48197
48200
48205
48212
48213
48225
48227
48248
48251
48253
48254
48256
48259
48261
48263
48269
48274
48275
48282
48285
48287
48290
48304
48305
48309
48310
48323
48331
48332
48336
48346
48351
48353
48358
48363
48365
48368
48372
48373
48382
48386
48387
48391
48400
48406
48409
48413
48419
48424
48443
48448
48449
48450
48456
48457
48459
48465
48466
48473
48474
48475
48491
48493
48499
48501
48509
48512
48513
48514
48516
48519
48520
48523
48534
48539
48540
48545
48550
48555
48558
48561
48562
48564
48565
48566
48570
48571
48595
48597
48600
48602
48604
48608
48610
48621
48622
48629
48636
48637
48639
48645
48652
48655
48656
48658
48665
48678
48679
48691
48692
48698
48706
48707
48711
48712
48716
48722
48724
48732
48749
48754
48763
48774
48775
48780
48782
48785
48787
48808
48809
48810
48812
48817
48818
48820
48824
48831
48833
48843
48844
48857
48861
48863
48868
48881
48884
48888
48894
48898
48903
48915
48938
48939
48942
48949
48956
48957
48962
48963
48966
48969
48971
48977
48978
48981
48983
48992
48995
49000
49022
49026
49029
49035
49039
49046
49049
49057
49059
49061
49065
49075
49084
49096
49101
49104
49105
49109
49127
49130
49133
49138
49151
49162
49163
49174
49179
49184
49191
49192
49199
49202
49203
49205
49209
49211
49222
49232
49241
49250
49252
49257
49258
49262
49267
49272
49282
49291
49294
49300
49303
49310
49312
49316
49327
49336
49345
49356
49362
49363
49368
49370
49374
49381
49384
49394
49396
49397
49400
49426
49435
49443
49450
49456
49469
49471
49476
49477
49482
49483
49488
49492
49499
49503
49519
49523
49526
49527
49532
49543
49551
49556
49558
49562
49564
49578
49585
49596
49599
49600
49604
49606
49610
49611
49612
49619
49625
49627
49634
49646
49656
49658
49660
49661
49672
49673
49678
49690
49694
49698
49705
49716
49720
49724
49726
49729
49733
49745
49753
49768
49777
49779
49783
49785
49786
49793
49800
49804
49805
49831
49835
49837
49842
49843
49853
49854
49870
49872
49877
49880
49906
49914
49917
49921
49954
49956
49957
49963
49972
49976
49980
49983
49985
49988
49991
49998
49999
50000
50003
50011
50014
50021
50025
50029
50038
50048
50051
50052
50054
50057
50058
50066
50075
50077
50082
50084
50091
50098
50102
50109
50120
50126
50128
50129
50131
50138
50140
50141
50152
50156
50159
50160
50168
50192
50193
50194
50196
50200
50207
50216
50224
50225
50227
50228
50232
50240
50241
50255
50259
50263
50266
50276
50278
50282
50287
50288
50299
50302
50310
50316
50317
50319
50320
50321
50324
50333
50341
50349
50353
50356
50361
50369
50374
50375
50380
50389
50396
50400
50405
50410
50411
50413
50415
50429
50440
50441
50449
50455
50459
50470
50476
50495
50504
50507
50511
50520
50531
50532
50533
50535
50542
50546
50551
50553
50565
50568
50572
50591
50592
50595
50607
50610
50614
50616
50620
50634
50636
50644
50647
50651
50654
50657
50658
50667
50674
50678
50691
50692
50693
50694
50709
50717
50719
50722
50726
50727
50733
50747
50756
50757
50764
50765
50770
50772
50774
50777
50779
50788
50800
50811
50812
50819
50823
50824
50829
50831
50836
50843
50846
50856
50859
50861
50863
50865
50866
50870
50872
50877
50881
50882
50885
50905
50914
50915
50916
50917
50918
50923
50927
50935
50940
50942
50945
50949
50951
50956
50962
50969
50972
50975
50976
50977
50978
50981
50998
50999
51001
51011
51012
51014
51016
51020
51021
51022
51023
51029
51039
51041
51050
51055
51067
51068
51070
51073
51090
51102
51111
51116
51121
51122
51126
51134
51138
51142
51151
51152
51158
51161
51164
51166
51175
51188
51192
51199
51209
51211
51217
51225
51232
51238
51241
51245
51248
51250
51254
51257
51258
51262
51265
51270
51271
51273
51276
51285
51302
51320
51322
51323
51324
51327
51329
51337
51354
51355
51356
51361
51367
51373
51376
51381
51385
51388
51393
51400
51408
51418
51431
51440
51441
51445
51447
51452
51455
51459
51463
51466
51471
51473
51474
51483
51489
51494
51503
51512
51520
51521
51524
51541
51551
51556
51559
51573
51582
51583
51588
51591
51594
51608
51613
51621
51631
51643
51648
51657
51669
51670
51679
51687
51693
51710
51715
51736
51741
51752
51762
51772
51773
51778
51782
51801
51808
51816
51821
51826
51834
51835
51851
51853
51856
51858
51860
51869
51870
51873
51874
51900
51904
51905
51907
51908
51912
51915
51917
51918
51929
51932
51933
51935
51937
51940
51941
51948
51958
51961
51965
51966
51971
51974
51991
51993
51997
52008
52010
52011
52015
52019
52031
52038
52047
52054
52058
52060
52064
52077
52102
52108
52109
52117
52118
52126
52129
52136
52146
52150
52151
52154
52158
52164
52169
52171
52172
52177
52178
52179
52183
52186
52187
52196
52203
52206
52208
52210
52215
52226
52234
52236
52245
52254
52258
52268
52269
52270
52271
52274
52275
52284
52297
52299
52303
52304
52305
52312
52331
52333
52343
52345
52348
52349
52351
52361
52366
52369
52370
52376
52387
52395
52411
52418
52423
52429
52432
52434
52441
52442
52448
52454
52458
52468
52476
52483
52490
52500
52502
52504
52533
52536
52538
52540
52541
52545
52547
52548
52549
52550
52556
52569
52571
52573
52574
52578
52583
52588
52600
52602
52611
52612
52614
52617
52621
52624
52626
52630
52646
52651
52663
52666
52676
52680
52687
52691
52701
52702
52718
52719
52720
52725
52730
52740
52748
52749
52753
52754
52756
52761
52772
52775
52778
52779
52785
52807
52812
52820
52821
52828
52831
52837
52851
52852
52854
52861
52862
52865
52877
52888
52889
52891
52893
52894
52899
52902
52906
52912
52913
52916
52925
52928
52935
52940
52943
52946
52947
52948
52953
52965
52976
52990
53005
53018
53033
53038
53041
53046
53052
53053
53055
53070
53080
53084
53085
53087
53089
53100
53101
53104
53105
53108
53112
53117
53120
53126
53146
53147
53149
53159
53162
53165
53175
53180
53181
53186
53188
53201
53207
53211
53212
53221
53223
53224
53232
53236
53250
53255
53257
53259
53270
53271
53283
53286
53291
53302
53312
53313
53314
53317
53321
53329
53332
53335
53336
53344
53345
53351
53353
53355
53357
53359
53361
53362
53365
53378
53379
53384
53393
53398
53399
53400
53419
53421
53423
53426
53427
53429
53432
53433
53438
53444
53447
53455
53468
53471
53475
53478
53479
53484
53486
53491
53492
53497
53511
53514
53515
53517
53531
53542
53558
53569
53582
53584
53585
53591
53593
53597
53598
53606
53607
53609
53626
53628
53644
53645
53648
53653
53665
53676
53680
53681
53682
53698
53706
53709
53715
53718
53720
53722
53725
53739
53742
53746
53754
53765
53777
53780
53781
53782
53785
53798
53799
53802
53804
53814
53815
53827
53836
53841
53847
53860
53864
53866
53870
53872
53876
53880
53886
53891
53895
53903
53907
53919
53921
53933
53935
53938
53939
53941
53944
53949
53956
53957
53959
53966
53968
53971
53973
53975
53984
53990
53997
53999
54003
54004
54006
54008
54016
54020
54023
54042
54043
54051
54053
54067
54068
54078
54085
54101
54104
54105
54107
54111
54116
54117
54118
54133
54134
54141
54143
54145
54148
54150
54157
54159
54173
54176
54179
54185
54188
54199
54200
54206
54209
54219
54225
54237
54242
54244
54247
54258
54264
54268
54282
54290
54297
54311
54314
54322
54345
54347
54351
54355
54371
54372
54383
54385
54390
54400
54401
54402
54412
54418
54420
54421
54422
54429
54430
54438
54443
54455
54457
54459
54462
54464
54469
54472
54479
54488
54489
54494
54495
54501
54502
54507
54511
54519
54521
54533
54535
54541
54543
54546
54549
54553
54557
54567
54582
54584
54585
54589
54598
54601
54604
54611
54617
54627
54629
54630
54637
54638
54643
54652
54656
54677
54685
54692
54699
54702
54707
54708
54711
54715
54720
54722
54732
54734
54737
54745
54747
54754
54761
54764
54766
54768
54774
54775
54786
54790
54793
54799
54802
54805
54809
54817
54820
54825
54832
54835
54842
54848
54849
54855
54856
54858
54860
54868
54874
54885
54895
54899
54900
54908
54912
54916
54921
54925
54931
54941
54951
54954
54957
54959
54964
54969
54972
54973
54978
54979
54980
54992
54995
54997
