1
12
24
32
44
50
56
59
67
68
69
76
82
90
92
93
100
103
107
112
113
124
133
138
147
158
159
174
178
184
187
194
196
200
205
207
208
218
230
237
241
244
246
247
259
261
264
267
268
269
271
274
285
289
294
296
300
302
308
310
355
359
369
374
375
377
386
389
396
402
404
405
406
407
412
417
421
422
423
425
433
435
438
441
442
448
454
456
460
465
475
480
486
492
500
506
509
511
513
529
534
542
543
545
549
564
565
574
578
580
586
593
597
598
608
614
622
625
628
631
632
634
637
638
640
647
649
667
675
677
680
682
686
691
693
701
705
707
708
716
717
719
728
734
737
743
749
758
770
781
782
793
795
798
799
806
807
809
810
819
824
825
838
840
843
845
849
860
864
865
869
870
880
885
894
895
896
898
902
918
924
930
934
937
941
943
945
951
953
958
961
963
968
973
983
988
999
1000
1010
1021
1040
1041
1042
1056
1062
1063
1065
1067
1069
1072
1084
1085
1086
1090
1093
1099
1104
1105
1111
1113
1116
1124
1128
1129
1137
1144
1155
1157
1159
1165
1176
1177
1188
1194
1197
1208
1220
1225
1227
1228
1231
1238
1239
1245
1250
1259
1264
1272
1276
1289
1290
1294
1296
1297
1298
1302
1306
1308
1318
1319
1326
1331
1336
1338
1341
1348
1355
1384
1389
1392
1402
1408
1412
1416
1419
1423
1436
1443
1447
1448
1453
1455
1464
1466
1482
1490
1502
1506
1511
1526
1528
1539
1544
1574
1577
1585
1589
1623
1632
1639
1641
1645
1646
1648
1650
1653
1669
1670
1672
1674
1676
1680
1689
1697
1704
1709
1712
1716
1720
1725
1728
1731
1756
1762
1763
1790
1797
1799
1803
1809
1817
1829
1830
1833
1836
1838
1844
1848
1854
1858
1859
1860
1863
1872
1877
1880
1890
1895
1901
1905
1906
1907
1910
1918
1921
1934
1936
1937
1946
1965
1967
1968
1970
1973
1976
1991
1999
2004
2020
2021
2026
2030
2035
2038
2049
2050
2054
2055
2056
2065
2068
2072
2073
2075
2077
2080
2083
2084
2087
2089
2091
2097
2100
2102
2104
2109
2110
2114
2117
2118
2120
2128
2146
2153
2156
2157
2171
2174
2176
2178
2179
2180
2184
2185
2186
2206
2207
2215
2217
2220
2222
2229
2231
2243
2247
2256
2258
2264
2274
2279
2287
2299
2312
2327
2334
2339
2346
2347
2353
2384
2386
2398
2405
2406
2414
2418
2425
2438
2451
2472
2476
2480
2484
2488
2491
2501
2505
2508
2510
2511
2512
2518
2532
2538
2541
2543
2547
2553
2554
2555
2557
2563
2571
2577
2579
2582
2584
2593
2599
2602
2607
2608
2616
2625
2626
2627
2630
2635
2655
2663
2675
2680
2683
2687
2690
2698
2702
2704
2706
2724
2725
2728
2738
2743
2761
2767
2785
2790
2793
2799
2801
2812
2816
2817
2818
2823
2840
2843
2848
2859
2866
2872
2873
2882
2888
2890
2891
2896
2900
2901
2914
2916
2918
2920
2923
2925
2926
2928
2929
2935
2949
2957
2958
2961
2965
2969
2973
2978
2981
2992
2997
2998
2999
3000
3006
3008
3017
3020
3023
3025
3030
3031
3037
3041
3047
3049
3050
3054
3055
3056
3058
3063
3078
3086
3090
3092
3101
3116
3123
3137
3141
3144
3157
3162
3168
3172
3178
3192
3193
3194
3198
3203
3207
3212
3217
3221
3223
3229
3235
3241
3243
3247
3249
3250
3251
3258
3265
3270
3271
3281
3284
3287
3288
3289
3290
3292
3304
3305
3316
3325
3328
3337
3339
3343
3346
3348
3353
3370
3373
3380
3388
3389
3394
3396
3399
3400
3408
3425
3428
3434
3438
3440
3444
3461
3463
3469
3470
3472
3479
3480
3487
3491
3495
3497
3501
3505
3506
3512
3513
3514
3526
3529
3535
3537
3542
3547
3557
3564
3566
3568
3571
3576
3579
3580
3583
3591
3595
3597
3608
3609
3613
3617
3624
3652
3653
3659
3667
3672
3679
3681
3682
3684
3685
3695
3696
3701
3733
3738
3753
3754
3771
3773
3786
3791
3798
3802
3805
3834
3840
3849
3850
3854
3856
3860
3864
3872
3878
3882
3885
3894
3896
3909
3911
3916
3936
3948
3950
3951
3962
3976
3978
3983
3986
3993
3996
4000
4003
4004
4009
4014
4018
4019
4021
4023
4024
4033
4035
4037
4039
4041
4049
4052
4055
4056
4066
4069
4076
4088
4091
4094
4096
4101
4102
4105
4116
4121
4129
4131
4132
4138
4142
4144
4146
4148
4150
4157
4158
4170
4176
4177
4179
4203
4205
4217
4239
4245
4247
4250
4251
4271
4276
4290
4303
4307
4327
4338
4340
4344
4345
4352
4353
4361
4362
4365
4367
4368
4371
4373
4375
4377
4378
4385
4388
4391
4392
4393
4395
4397
4405
4410
4421
4429
4442
4451
4458
4460
4462
4466
4481
4485
4499
4500
4502
4504
4510
4513
4514
4516
4528
4531
4532
4534
4538
4545
4553
4561
4564
4584
4588
4590
4592
4601
4605
4612
4616
4617
4627
4629
4632
4642
4643
4652
4656
4659
4663
4667
4672
4674
4678
4685
4686
4687
4688
4691
4694
4713
4720
4727
4730
4734
4738
4744
4758
4760
4781
4783
4786
4796
4807
4809
4812
4813
4822
4823
4826
4831
4834
4839
4843
4845
4852
4855
4866
4881
4882
4885
4886
4892
4895
4911
4915
4916
4918
4922
4925
4928
4955
4965
4971
4972
4975
4982
4983
4986
4988
4992
4996
5003
5004
5013
5015
5018
5026
5028
5029
5031
5036
5040
5045
5052
5058
5059
5066
5073
5074
5076
5083
5086
5089
5094
5101
5118
5123
5128
5131
5133
5143
5153
5154
5156
5175
5179
5193
5194
5207
5212
5214
5216
5217
5221
5223
5235
5236
5237
5246
5248
5249
5257
5258
5261
5268
5272
5275
5280
5283
5284
5287
5291
5294
5304
5308
5309
5311
5332
5334
5342
5345
5348
5349
5352
5379
5388
5399
5401
5413
5414
5425
5429
5435
5442
5463
5479
5481
5483
5487
5495
5500
5501
5504
5510
5513
5514
5521
5532
5542
5545
5554
5557
5561
5567
5571
5580
5581
5583
5589
5603
5623
5626
5627
5628
5633
5642
5645
5646
5647
5648
5651
5654
5659
5665
5670
5675
5680
5684
5687
5696
5699
5702
5706
5713
5719
5723
5724
5727
5729
5732
5735
5736
5743
5748
5757
5763
5766
5769
5771
5776
5785
5788
5789
5793
5801
5802
5806
5807
5813
5817
5825
5835
5837
5852
5853
5859
5866
5874
5882
5903
5920
5922
5923
5925
5927
5929
5930
5932
5935
5941
5943
5948
5949
5954
5955
5960
5965
5971
5974
5983
5984
5985
5986
5988
6003
6005
6020
6035
6042
6047
6048
6053
6055
6056
6059
6060
6061
6074
6076
6084
6088
6089
6090
6100
6102
6109
6111
6116
6128
6129
6131
6140
6145
6151
6155
6164
6170
6186
6194
6200
6215
6220
6225
6235
6244
6245
6247
6262
6268
6277
6289
6291
6304
6309
6312
6315
6322
6325
6326
6328
6329
6339
6340
6347
6348
6351
6354
6361
6367
6373
6380
6385
6388
6400
6403
6410
6414
6415
6416
6419
6420
6421
6429
6430
6431
6434
6436
6440
6445
6447
6464
6469
6471
6472
6473
6483
6490
6492
6495
6496
6508
6513
6530
6531
6534
6535
6539
6545
6546
6552
6563
6569
6570
6572
6574
6576
6591
6594
6602
6610
6612
6614
6616
6627
6632
6662
6664
6671
6682
6688
6690
6691
6704
6715
6718
6724
6727
6734
6737
6739
6742
6749
6753
6759
6780
6786
6787
6792
6799
6802
6803
6809
6816
6821
6825
6828
6829
6833
6843
6853
6873
6874
6877
6888
6891
6892
6897
6899
6903
6904
6907
6932
6937
6938
6941
6944
6946
6948
6953
6954
6961
6965
6968
6975
6980
6986
6997
7009
7015
7021
7022
7027
7030
7032
7043
7050
7061
7071
7074
7078
7086
7101
7103
7113
7118
7121
7123
7125
7129
7130
7140
7143
7152
7162
7167
7180
7191
7205
7209
7224
7225
7227
7230
7233
7236
7237
7244
7256
7259
7260
7266
7270
7285
7292
7294
7295
7299
7300
7303
7309
7315
7317
7327
7332
7334
7338
7358
7366
7368
7369
7370
7377
7378
7391
7399
7400
7409
7421
7427
7429
7434
7436
7450
7459
7460
7467
7477
7483
7485
7487
7489
7490
7492
7496
7502
7503
7506
7513
7520
7525
7529
7538
7541
7543
7550
7558
7559
7560
7565
7566
7568
7570
7573
7575
7586
7587
7590
7591
7596
7597
7612
7617
7624
7625
7626
7631
7636
7647
7650
7657
7661
7662
7665
7669
7684
7696
7697
7698
7699
7704
7705
7719
7724
7728
7730
7735
7736
7743
7749
7757
7758
7772
7774
7786
7794
7805
7822
7829
7833
7835
7839
7841
7846
7848
7851
7853
7854
7863
7871
7872
7880
7884
7887
7895
7896
7897
7910
7927
7929
7934
7936
7949
7950
7961
7966
7981
7999
8007
8017
8030
8056
8058
8059
8064
8066
8068
8077
8079
8081
8084
8094
8101
8105
8111
8115
8126
8137
8140
8141
8153
8168
8178
8185
8188
8192
8198
8203
8206
8209
8212
8217
8223
8231
8236
8243
8247
8253
8266
8275
8289
8313
8322
8325
8330
8331
8335
8345
8352
8358
8360
8370
8371
8373
8374
8380
8382
8383
8400
8409
8411
8418
8430
8442
8452
8453
8458
8460
8468
8472
8473
8489
8493
8496
8503
8505
8508
8515
8521
8546
8552
8559
8569
8577
8580
8581
8583
8595
8603
8607
8611
8615
8620
8625
8633
8639
8651
8653
8657
8668
8678
8685
8691
8692
8711
8715
8718
8724
8726
8731
8739
8747
8755
8759
8760
8762
8767
8771
8783
8784
8785
8797
8801
8811
8813
8816
8827
8832
8845
8850
8857
8858
8870
8880
8893
8906
8914
8918
8926
8932
8942
8949
8960
8961
8963
8965
8975
8979
8980
8983
8984
8990
8991
8996
8997
9000
9006
9009
9014
9019
9022
9025
9033
9035
9051
9055
9078
9084
9087
9100
9104
9105
9109
9110
9112
9142
9147
9148
9157
9161
9162
9172
9174
9199
9202
9208
9210
9211
9228
9241
9247
9248
9252
9254
9256
9262
9276
9280
9297
9299
9304
9307
9310
9315
9317
9323
9326
9330
9334
9338
9341
9342
9347
9362
9370
9372
9384
9385
9392
9397
9405
9407
9409
9419
9423
9424
9430
9437
9438
9442
9449
9457
9464
9465
9468
9497
9503
9507
9515
9516
9554
9563
9575
9579
9582
9595
9597
9601
9614
9617
9618
9629
9647
9649
9653
9654
9658
9670
9676
9678
9682
9690
9693
9706
9715
9720
9724
9727
9728
9733
9734
9737
9744
9757
9759
9760
9761
9763
9765
9771
9783
9786
9787
9796
9801
9802
9805
9809
9815
9837
9839
9842
9843
9845
9849
9853
9869
9870
9872
9882
9890
9892
9894
9896
9898
9903
9910
9912
9919
9925
9932
9939
9949
9951
9952
9955
9966
9971
9979
9984
9987
9993
9998
10000
10006
10007
10009
10016
10018
10020
10036
10049
10050
10053
10056
10063
10070
10074
10075
10077
10084
10090
10096
10098
10115
10120
10121
10122
10131
10135
10150
10152
10163
10164
10173
10176
10181
10185
10186
10191
10195
10196
10198
10205
10208
10218
10221
10228
10233
10234
10244
10247
10248
10256
10261
10263
10270
10274
10277
10283
10286
10291
10298
10302
10303
10305
10309
10316
10318
10328
10332
10333
10344
10348
10350
10352
10359
10361
10365
10366
10368
10390
10395
10400
10402
10410
10411
10413
10415
10424
10425
10430
10433
10436
10444
10447
10449
10454
10458
10462
10464
10469
10473
10480
10484
10488
10500
10504
10509
10513
10518
10524
10532
10533
10534
10536
10539
10544
10556
10563
10566
10567
10576
10578
10581
10590
10594
10599
10602
10603
10604
10609
10612
10618
10620
10621
10627
10628
10631
10636
10637
10640
10643
10648
10649
10652
10656
10657
10664
10672
10673
10677
10678
10693
10696
10702
10713
10722
10725
10737
10747
10749
10759
10762
10767
10770
10776
10777
10778
10781
10785
10789
10801
10803
10812
10813
10820
10821
10826
10827
10839
10840
10850
10852
10854
10860
10878
10880
10881
10882
10890
10894
10895
10899
10908
10909
10910
10916
10923
10926
10929
10939
10940
10941
10942
10956
10961
10982
10985
10986
10998
11000
11011
11015
11016
11020
11024
11025
11034
11047
11051
11058
11068
11071
11077
11079
11082
11096
11110
11120
11121
11123
11146
11156
11161
11167
11171
11172
11178
11180
11184
11188
11189
11192
11201
11210
11215
11219
11221
11222
11232
11235
11236
11241
11243
11260
11262
11266
11273
11274
11275
11279
11286
11290
11293
11300
11306
11308
11315
11320
11325
11334
11343
11347
11349
11360
11364
11378
11379
11387
11393
11396
11397
11400
11401
11403
11405
11411
11413
11418
11419
11432
11439
11445
11447
11461
11466
11468
11473
11475
11483
11490
11504
11505
11506
11509
11512
11517
11519
11526
11530
11532
11535
11548
11552
11553
11557
11562
11563
11565
11566
11576
11584
11587
11591
11605
11610
11611
11614
11621
11623
11627
11650
11667
11675
11688
11693
11696
11721
11732
11736
11741
11743
11745
11746
11750
11751
11756
11763
11764
11772
11773
11780
11787
11792
11793
11801
11813
11814
11815
11818
11839
11849
11853
11857
11865
11869
11872
11884
11888
11893
11895
11903
11909
11910
11911
11919
11929
11944
11946
11950
11955
11960
11966
11970
11975
11979
11980
11984
11987
12002
12003
12009
12010
12017
12025
12026
12032
12036
12040
12050
12055
12076
12085
12088
12098
12104
12107
12121
12126
12129
12131
12137
12148
12152
12163
12168
12176
12180
12182
12198
12199
12200
12214
12218
12222
12226
12227
12229
12241
12242
12250
12252
12253
12255
12283
12292
12296
12300
12318
12345
12348
12351
12358
12360
12364
12365
12370
12374
12375
12381
12383
12387
12389
12390
12397
12400
12401
12403
12404
12408
12410
12412
12416
12420
12421
12422
12423
12432
12440
12441
12442
12456
12477
12478
12493
12495
12503
12513
12515
12536
12557
12560
12573
12577
12578
12582
12585
12593
12594
12598
12605
12612
12622
12624
12628
12634
12638
12654
12655
12657
12659
12660
12664
12667
12672
12675
12676
12678
12683
12686
12688
12689
12690
12692
12701
12705
12707
12710
12716
12722
12730
12740
12747
12758
12764
12768
12771
12773
12776
12778
12783
12792
12795
12797
12799
12803
12805
12826
12833
12838
12839
12847
12849
12859
12867
12870
12877
12888
12899
12903
12928
12932
12940
12942
12954
12956
12958
12964
12976
12988
12990
12995
12997
13003
13008
13011
13020
13027
13031
13041
13042
13067
13070
13083
13087
13098
13099
13114
13122
13127
13131
13133
13135
13144
13147
13148
13150
13158
13167
13171
13172
13174
13175
13179
13191
13193
13202
13217
13224
13227
13228
13232
13233
13235
13256
13261
13262
13266
13269
13272
13275
13279
13288
13294
13295
13297
13299
13312
13313
13315
13324
13326
13331
13343
13347
13348
13354
13357
13358
13370
13371
13382
13383
13389
13391
13401
13405
13406
13407
13408
13413
13416
13417
13425
13430
13435
13436
13447
13452
13462
13463
13466
13467
13468
13481
13482
13483
13492
13500
13504
13505
13513
13516
13521
13528
13531
13533
13543
13544
13546
13548
13557
13558
13559
13572
13585
13598
13607
13608
13628
13631
13646
13647
13648
13654
13655
13659
13662
13665
13684
13685
13695
13701
13709
13723
13725
13733
13738
13744
13745
13748
13752
13758
13760
13761
13767
13771
13783
13787
13799
13804
13821
13824
13827
13837
13839
13847
13854
13856
13862
13873
13876
13878
13890
13896
13899
13903
13907
13908
13921
13942
13946
13949
13954
13958
13959
13963
13973
13982
13984
13987
13988
13995
14001
14006
14011
14012
14022
14023
14026
14034
14039
14042
14044
14060
14065
14076
14079
14081
14103
14113
14114
14117
14124
14134
14136
14151
14153
14154
14160
14169
14171
14173
14180
14182
14186
14189
14195
14196
14208
14212
14213
14217
14224
14225
14228
14250
14254
14269
14275
14277
14285
14302
14304
14314
14319
14325
14335
14342
14347
14353
14362
14367
14375
14378
14379
14381
14382
14383
14386
14388
14392
14421
14428
14429
14435
14437
14447
14451
14452
14453
14455
14460
14463
14464
14468
14475
14488
14491
14503
14508
14509
14512
14521
14528
14530
14535
14538
14548
14549
14558
14559
14564
14570
14571
14573
14584
14585
14589
14601
14606
14619
14620
14621
14633
14640
14643
14646
14651
14654
14659
14668
14681
14686
14695
14703
14707
14716
14717
14730
14743
14749
14762
14765
14770
14790
14795
14800
14809
14815
14816
14818
14835
14844
14860
14877
14885
14890
14898
14905
14906
14908
14911
14915
14916
14919
14921
14929
14932
14934
14939
14941
14946
14961
14970
14986
14989
14994
15003
15005
15011
15019
15021
15035
15040
15045
15048
15049
15074
15077
15080
15093
15102
15107
15112
15118
15120
15125
15141
15142
15144
15150
15161
15163
15169
15184
15186
15188
15194
15203
15205
15209
15210
15225
15230
15231
15235
15244
15248
15253
15255
15262
15272
15276
15278
15289
15295
15302
15304
15313
15314
15320
15332
15348
15350
15353
15355
15358
15361
15374
15382
15390
15394
15399
15401
15406
15409
15414
15426
15434
15438
15453
15457
15468
15471
15474
15484
15485
15497
15499
15500
15502
15506
15512
15523
15536
15544
15545
15551
15556
15558
15566
15574
15578
15583
15594
15603
15604
15609
15616
15618
15619
15625
15627
15633
15634
15637
15648
15650
15661
15664
15672
15683
15684
15687
15688
15689
15690
15698
15701
15703
15710
15711
15713
15714
15722
15728
15735
15736
15757
15768
15770
15780
15788
15793
15808
15814
15815
15821
15822
15833
15839
15841
15846
15850
15851
15854
15857
15868
15870
15872
15881
15889
15891
15894
15895
15897
15898
15902
15905
15910
15913
15914
15916
15931
15942
15943
15946
15951
15954
15958
15962
15977
15986
15987
15988
16002
16003
16007
16009
16020
16030
16032
16038
16040
16041
16042
16044
16058
16059
16063
16069
16072
16079
16080
16082
16092
16102
16106
16122
16130
16136
16140
16141
16142
16155
16164
16165
16169
16177
16184
16190
16201
16202
16204
16212
16221
16226
16231
16239
16253
16258
16264
16267
16270
16276
16289
16293
16297
16302
16306
16309
16316
16318
16341
16347
16348
16365
16369
16374
16378
16381
16387
16391
16403
16408
16411
16413
16414
16416
16421
16426
16430
16433
16434
16441
16443
16457
16461
16462
16475
16482
16483
16494
16501
16504
16506
16517
16526
16530
16532
16534
16544
16545
16548
16550
16559
16560
16564
16586
16587
16591
16593
16599
16601
16603
16604
16619
16622
16625
16634
16638
16639
16642
16648
16668
16681
16686
16688
16689
16695
16698
16702
16707
16722
16723
16731
16736
16741
16760
16761
16770
16771
16777
16779
16787
16789
16791
16793
16798
16804
16834
16841
16846
16852
16853
16861
16862
16867
16873
16885
16886
16889
16900
16904
16909
16911
16914
16916
16925
16937
16942
16951
16952
16954
16956
16958
16965
16969
16973
16985
16992
16996
17002
17003
17007
17009
17019
17026
17028
17038
17046
17057
17085
17088
17091
17106
17114
17117
17129
17138
17144
17165
17174
17178
17181
17184
17196
17203
17206
17213
17220
17237
17238
17239
17242
17243
17245
17249
17250
17252
17255
17275
17278
17306
17311
17317
17322
17330
17336
17339
17347
17360
17366
17369
17371
17377
17380
17384
17388
17392
17394
17399
17408
17424
17432
17439
17442
17459
17467
17472
17473
17478
17481
17491
17492
17493
17494
17496
17509
17516
17518
17522
17524
17531
17536
17537
17545
17554
17556
17560
17574
17578
17594
17600
17607
17611
17620
17621
17635
17648
17662
17669
17672
17680
17683
17689
17699
17710
17711
17712
17717
17719
17722
17723
17725
17726
17729
17734
17736
17739
17742
17743
17750
17755
17756
17757
17761
17762
17768
17774
17777
17789
17795
17802
17812
17828
17832
17833
17842
17851
17852
17853
17855
17865
17871
17873
17880
17881
17885
17887
17888
17889
17896
17900
17904
17909
17910
17917
17918
17923
17933
17935
17937
17946
17952
17956
17963
17969
17970
17972
17976
17984
17992
17995
18001
18002
18010
18011
18025
18028
18030
18047
18048
18054
18055
18058
18059
18063
18065
18074
18085
18088
18093
18094
18097
18108
18113
18115
18130
18133
18141
18142
18146
18153
18155
18156
18161
18172
18174
18180
18196
18199
18201
18207
18210
18212
18213
18218
18219
18235
18244
18246
18254
18259
18266
18272
18284
18292
18296
18302
18310
18319
18321
18323
18324
18330
18335
18336
18352
18360
18364
18369
18375
18400
18407
18419
18421
18422
18423
18430
18444
18445
18450
18454
18456
18457
18459
18465
18466
18467
18481
18487
18489
18494
18497
18498
18500
18506
18510
18513
18516
18523
18524
18531
18537
18538
18539
18544
18545
18550
18552
18555
18559
18562
18564
18570
18573
18575
18582
18586
18589
18590
18593
18600
18607
18611
18613
18628
18631
18634
18637
18638
18650
18651
18654
18657
18670
18674
18676
18680
18681
18682
18684
18685
18688
18689
18691
18695
18697
18699
18721
18722
18726
18730
18738
18742
18747
18767
18777
18783
18789
18793
18794
18796
18811
18823
18824
18826
18833
18835
18847
18848
18850
18854
18872
18874
18879
18881
18888
18899
18904
18913
18921
18926
18930
18964
18967
18971
18980
18994
18995
18996
18998
19010
19014
19018
19023
19036
19049
19052
19061
19066
19085
19086
19088
19091
19093
19106
19110
19111
19117
19119
19122
19126
19129
19130
19141
19144
19148
19150
19159
19162
19171
19177
19181
19187
19196
19204
19205
19231
19232
19245
19251
19252
19265
19267
19269
19276
19280
19283
19285
19287
19297
19300
19309
19315
19318
19322
19324
19327
19329
19331
19341
19344
19347
19348
19364
19367
19376
19392
19395
19418
19419
19420
19421
19427
19428
19431
19433
19434
19438
19439
19442
19445
19454
19457
19462
19467
19501
19510
19521
19524
19526
19532
19540
19545
19551
19559
19561
19563
19586
19588
19595
19597
19599
19610
19615
19626
19641
19649
19658
19660
19664
19684
19685
19687
19697
19704
19709
19719
19727
19731
19735
19739
19745
19749
19751
19753
19758
19759
19760
19768
19773
19774
19778
19779
19783
19784
19791
19792
19793
19796
19797
19802
19804
19805
19806
19810
19812
19815
19827
19832
19836
19844
19853
19857
19863
19875
19878
19880
19881
19887
19891
19899
19911
19922
19947
19954
19959
19962
19967
19970
19982
19992
19994
20016
20018
20021
20022
20023
20025
20026
20031
20051
20059
20060
20061
20078
20089
20090
20093
20094
20098
20100
20101
20105
20124
20138
20140
20144
20149
20172
20176
20177
20181
20183
20189
20192
20193
20194
20195
20200
20201
20208
20212
20213
20214
20216
20220
20224
20226
20227
20235
20240
20246
20249
20255
20257
20259
20261
20262
20266
20268
20286
20287
20296
20297
20298
20301
20303
20321
20337
20341
20346
20349
20351
20352
20356
20363
20378
20381
20385
20388
20403
20404
20411
20412
20416
20422
20437
20438
20440
20445
20451
20456
20457
20460
20485
20488
20491
20508
20513
20521
20526
20541
20556
20564
20585
20594
20597
20600
20602
20605
20609
20615
20617
20624
20628
20631
20636
20648
20654
20673
20678
20681
20682
20684
20687
20688
20689
20691
20698
20700
20702
20705
20718
20725
20732
20737
20738
20739
20746
20756
20760
20767
20777
20788
20798
20801
20813
20820
20827
20829
20832
20836
20838
20840
20844
20854
20855
20859
20863
20874
20894
20904
20912
20913
20915
20921
20932
20937
20939
20954
20962
20976
20984
20986
20998
21002
21009
21012
21017
21023
21024
21033
21036
21038
21046
21049
21057
21065
21073
21100
21104
21106
21110
21111
21116
21130
21133
21137
21139
21142
21143
21150
21151
21161
21164
21166
21167
21171
21178
21181
21184
21185
21192
21195
21200
21224
21226
21233
21238
21239
21241
21242
21243
21245
21259
21262
21268
21269
21275
21280
21287
21296
21298
21300
21301
21304
21307
21310
21313
21321
21323
21336
21340
21346
21351
21352
21357
21359
21369
21371
21373
21385
21388
21392
21399
21402
21416
21424
21426
21430
21438
21455
21460
21474
21479
21480
21481
21482
21483
21484
21488
21492
21493
21502
21505
21522
21523
21524
21529
21548
21562
21570
21580
21586
21591
21597
21598
21601
21604
21606
21607
21613
21614
21615
21618
21623
21626
21627
21630
21631
21633
21642
21646
21649
21650
21660
21667
21670
21673
21674
21681
21686
21698
21700
21707
21715
21716
21723
21732
21737
21741
21745
21746
21754
21758
21762
21768
21770
21772
21775
21782
21785
21791
21792
21793
21795
21796
21797
21798
21806
21809
21812
21813
21818
21826
21842
21844
21850
21852
21854
21856
21861
21865
21877
21880
21884
21886
21887
21890
21896
21910
21917
21918
21921
21927
21938
21944
21945
21946
21954
21963
21964
21977
21982
21983
21991
21995
21998
22001
22003
22012
22018
22037
22040
22047
22053
22054
22066
22068
22076
22087
22091
22098
22099
22108
22116
22118
22121
22137
22140
22141
22148
22151
22156
22159
22163
22166
22169
22174
22178
22183
22187
22195
22196
22197
22213
22215
22227
22230
22237
22247
22250
22253
22254
22260
22263
22265
22278
22279
22280
22290
22293
22330
22340
22344
22346
22348
22357
22362
22364
22373
22375
22378
22394
22395
22397
22401
22403
22419
22423
22435
22445
22453
22456
22466
22471
22476
22477
22486
22492
22494
22502
22504
22507
22520
22521
22522
22528
22529
22544
22551
22553
22554
22556
22559
22563
22574
22583
22589
22605
22607
22611
22612
22613
22624
22626
22643
22645
22646
22649
22650
22651
22659
22663
22665
22669
22692
22697
22703
22709
22711
22712
22714
22715
22722
22725
22726
22729
22737
22746
22750
22752
22753
22758
22759
22760
22768
22770
22771
22772
22774
22780
22786
22794
22802
22805
22806
22810
22815
22820
22836
22838
22844
22849
22852
22861
22866
22873
22875
22880
22881
22884
22892
22893
22898
22902
22912
22913
22919
22920
22931
22938
22940
22957
22958
22968
22969
22979
22989
22998
23008
23021
23034
23036
23054
23065
23075
23076
23079
23080
23086
23093
23097
23101
23102
23111
23114
23127
23129
23132
23134
23137
23145
23151
23155
23160
23175
23179
23183
23186
23191
23192
23196
23200
23204
23207
23208
23209
23212
23218
23225
23232
23235
23240
23245
23249
23251
23271
23275
23284
23286
23289
23295
23298
23313
23354
23357
23373
23383
23386
23387
23392
23396
23399
23401
23402
23409
23411
23416
23423
23424
23426
23431
23438
23440
23445
23448
23465
23470
23472
23475
23476
23480
23499
23506
23507
23512
23516
23519
23525
23529
23533
23545
23549
23555
23565
23566
23570
23575
23580
23593
23601
23609
23616
23628
23631
23635
23637
23641
23642
23643
23650
23657
23661
23668
23678
23683
23690
23692
23705
23706
23709
23710
23719
23722
23724
23736
23739
23743
23748
23749
23763
23769
23773
23786
23794
23799
23809
23810
23813
23815
23819
23823
23830
23834
23835
23838
23839
23848
23854
23855
23856
23858
23867
23873
23877
23889
23891
23892
23898
23899
23910
23912
23914
23927
23938
23943
23944
23954
23955
23958
23960
23980
23982
23987
23989
23996
23997
23998
24003
24009
24012
24014
24015
24033
24044
24045
24051
24057
24058
24063
24068
24072
24073
24076
24083
24098
24103
24106
24108
24109
24115
24117
24119
24120
24123
24128
24133
24159
24162
24166
24179
24180
24186
24193
24196
24197
24204
24222
24231
24250
24263
24271
24273
24274
24283
24286
24287
24288
24293
24301
24302
24312
24317
24324
24325
24336
24337
24343
24351
24352
24356
24362
24366
24377
24380
24386
24388
24396
24397
24403
24425
24426
24431
24433
24446
24452
24454
24455
24463
24464
24467
24471
24472
24473
24479
24480
24490
24495
24496
24498
24501
24503
24508
24513
24514
24520
24522
24541
24545
24548
24553
24583
24585
24587
24603
24614
24616
24620
24628
24639
24640
24642
24643
24647
24653
24664
24666
24672
24677
24680
24684
24689
24690
24697
24702
24711
24719
24723
24726
24741
24742
24766
24768
24769
24771
24773
24776
24777
24778
24784
24786
24791
24795
24798
24802
24805
24806
24808
24811
24816
24818
24822
24824
24829
24831
24840
24848
24869
24870
24880
24882
24885
24886
24894
24896
24901
24904
24906
24908
24915
24916
24921
24926
24929
24932
24935
24939
24945
24948
24952
24953
24964
24966
24969
24970
24974
24979
24990
25004
25009
25010
25032
25033
25035
25039
25052
25056
25070
25073
25077
25080
25086
25087
25097
25098
25105
25110
25119
25122
25132
25134
25136
25140
25145
25146
25147
25153
25154
25157
25159
25160
25164
25168
25173
25177
25179
25185
25186
25187
25191
25197
25206
25209
25210
25214
25228
25237
25238
25239
25241
25245
25247
25248
25251
25252
25258
25260
25272
25278
25287
25294
25295
25297
25301
25307
25312
25313
25321
25322
25324
25331
25332
25356
25362
25366
25370
25378
25381
25396
25403
25411
25414
25420
25421
25427
25429
25431
25433
25443
25450
25454
25455
25461
25471
25481
25483
25485
25488
25492
25494
25499
25503
25513
25526
25528
25530
25534
25555
25557
25574
25582
25589
25591
25603
25607
25624
25626
25640
25643
25649
25657
25658
25659
25669
25670
25674
25680
25691
25697
25700
25706
25709
25710
25711
25712
25717
25723
25731
25736
25741
25745
25746
25751
25752
25758
25761
25762
25767
25774
25775
25777
25778
25793
25796
25802
25820
25821
25826
25832
25843
25850
25864
25869
25871
25875
25877
25879
25893
25903
25907
25908
25910
25914
25917
25920
25922
25938
25948
25951
25955
25957
25976
25983
25985
25990
25997
26008
26010
26019
26020
26022
26025
26026
26032
26034
26046
26049
26065
26073
26078
26083
26088
26089
26100
26104
26105
26107
26109
26122
26125
26137
26140
26153
26155
26158
26162
26171
26177
26178
26191
26192
26193
26203
26204
26228
26237
26253
26258
26266
26269
26273
26276
26278
26293
26299
26301
26315
26316
26319
26326
26328
26329
26332
26338
26347
26350
26351
26357
26360
26363
26371
26386
26407
26408
26412
26418
26420
26425
26427
26437
26441
26442
26461
26463
26464
26466
26476
26481
26482
26484
26487
26488
26490
26496
26500
26501
26506
26509
26510
26514
26516
26517
26521
26523
26528
26539
26547
26548
26552
26554
26559
26565
26567
26569
26570
26579
26583
26588
26590
26595
26603
26607
26618
26631
26637
26643
26645
26652
26653
26654
26656
26660
26671
26675
26682
26685
26686
26687
26692
26698
26702
26705
26708
26709
26725
26730
26736
26737
26742
26751
26766
26767
26772
26776
26779
26782
26786
26789
26799
26803
26809
26813
26815
26816
26829
26835
26836
26840
26843
26849
26850
26859
26864
26865
26878
26889
26897
26900
26901
26917
26927
26928
26931
26934
26937
26942
26949
26951
26963
26965
26972
26974
26984
26986
26988
26989
26993
27011
27017
27018
27019
27022
27025
27038
27043
27045
27048
27051
27053
27055
27065
27068
27073
27079
27089
27112
27119
27121
27133
27137
27138
27140
27147
27149
27153
27157
27162
27163
27169
27174
27189
27190
27192
27198
27199
27204
27207
27216
27220
27223
27238
27258
27264
27265
27268
27273
27276
27280
27283
27304
27308
27312
27317
27319
27328
27341
27350
27357
27363
27369
27375
27377
27380
27388
27398
27406
27412
27423
27426
27429
27443
27444
27445
27446
27454
27456
27457
27461
27467
27475
27479
27491
27492
27496
27511
27514
27517
27523
27528
27532
27534
27535
27545
27555
27556
27584
27607
27614
27618
27626
27630
27632
27643
27644
27647
27651
27658
27661
27664
27669
27671
27673
27685
27687
27697
27725
27729
27730
27732
27739
27740
27741
27749
27750
27766
27767
27768
27771
27777
27797
27804
27811
27816
27827
27831
27832
27839
27844
27845
27846
27848
27862
27869
27874
27878
27882
27888
27901
27905
27906
27909
27910
27917
27923
27929
27931
27935
27937
27938
27950
27956
27959
27961
27964
27971
27985
27989
27990
27995
27999
28009
28015
28017
28018
28021
28028
28030
28032
28033
28054
28069
28077
28090
28099
28100
28108
28121
28125
28127
28136
28142
28146
28151
28163
28165
28186
28188
28202
28204
28211
28214
28217
28219
28241
28245
28251
28255
28269
28271
28273
28274
28275
28282
28283
28285
28287
28298
28315
28317
28321
28322
28323
28331
28343
28348
28351
28352
28361
28373
28383
28387
28395
28400
28405
28408
28413
28417
28431
28444
28449
28454
28471
28475
28480
28487
28489
28490
28491
28493
28510
28512
28522
28524
28529
28530
28531
28534
28540
28545
28546
28549
28557
28558
28565
28578
28595
28603
28608
28610
28612
28617
28624
28626
28628
28629
28630
28631
28633
28634
28635
28661
28667
28674
28681
28683
28684
28692
28694
28699
28702
28704
28708
28709
28715
28716
28722
28726
28730
28737
28741
28747
28748
28749
28756
28757
28758
28762
28774
28779
28787
28796
28820
28830
28831
28840
28841
28845
28848
28849
28852
28854
28860
28863
28866
28874
28908
28915
28921
28925
28948
28955
28956
28957
28972
28978
28979
28980
28989
28991
28998
29002
29028
29031
29033
29040
29046
29052
29054
29055
29059
29062
29070
29076
29083
29085
29087
29094
29105
29120
29128
29129
29143
29145
29168
29169
29170
29179
29184
29192
29193
29202
29211
29216
29226
29227
29232
29240
29241
29258
29275
29282
29295
29306
29313
29314
29315
29317
29322
29325
29331
29336
29345
29356
29366
29376
29378
29389
29393
29396
29403
29405
29416
29427
29429
29431
29434
29446
29459
29461
29465
29466
29469
29470
29474
29475
29476
29485
29488
29495
29502
29504
29505
29506
29508
29511
29512
29513
29514
29524
29533
29538
29541
29542
29544
29550
29551
29560
29561
29570
29571
29578
29582
29583
29585
29589
29590
29594
29599
29609
29613
29616
29624
29628
29649
29650
29659
29663
29665
29680
29687
29689
29696
29698
29705
29709
29711
29716
29735
29736
29744
29750
29751
29752
29753
29754
29760
29764
29773
29783
29809
29818
29828
29829
29838
29851
29853
29854
29858
29859
29865
29867
29868
29869
29879
29885
29893
29897
29902
29903
29914
29916
29918
29919
29927
29936
29951
29953
29978
29982
29983
29992
29996
30007
30009
30021
30022
30029
30031
30041
30042
30051
30053
30061
30066
30073
30079
30080
30082
30083
30088
30090
30095
30106
30107
30110
30111
30114
30118
30121
30127
30131
30132
30136
30137
30138
30142
30146
30149
30151
30156
30166
30167
30169
30175
30178
30191
30196
30197
30205
30222
30234
30235
30236
30239
30246
30247
30261
30264
30270
30272
30274
30276
30279
30282
30285
30286
30296
30300
30302
30305
30309
30311
30313
30319
30324
30330
30341
30349
30352
30353
30356
30357
30366
30381
30386
30393
30396
30397
30404
30405
30420
30422
30435
30438
30439
30440
30448
30460
30466
30472
30473
30476
30478
30480
30498
30500
30503
30507
30510
30520
30524
30525
30526
30529
30536
30551
30553
30555
30561
30563
30566
30573
30574
30581
30591
30592
30595
30597
30598
30602
30603
30611
30612
30615
30623
30630
30632
30633
30635
30642
30643
30651
30662
30676
30677
30682
30684
30688
30694
30710
30719
30723
30726
30740
30745
30748
30755
30756
30767
30780
30784
30794
30798
30800
30801
30802
30804
30809
30810
30822
30824
30826
30832
30836
30843
30844
30845
30851
30857
30868
30897
30900
30908
30913
30917
30930
30931
30935
30938
30940
30944
30945
30946
30947
30952
30955
30959
30972
30975
30982
30986
30994
30995
30997
30999
31013
31014
31016
31018
31029
31039
31047
31059
31060
31063
31067
31072
31080
31093
31094
31095
31100
31108
31110
31116
31118
31122
31127
31131
31136
31153
31164
31166
31167
31175
31185
31186
31187
31193
31196
31199
31208
31210
31212
31215
31220
31231
31245
31252
31255
31270
31273
31274
31281
31297
31299
31301
31307
31309
31312
31328
31329
31333
31334
31341
31344
31346
31348
31349
31352
31354
31357
31369
31373
31375
31377
31382
31387
31388
31389
31396
31400
31402
31403
31408
31409
31414
31424
31428
31430
31440
31442
31451
31454
31458
31464
31477
31495
31496
31500
31504
31516
31525
31531
31538
31541
31544
31557
31572
31577
31578
31602
31605
31607
31608
31622
31626
31631
31632
31645
31655
31664
31665
31671
31672
31697
31699
31710
31722
31726
31735
31736
31738
31739
31746
31754
31757
31760
31761
31762
31767
31771
31773
31778
31780
31781
31795
31797
31811
31815
31822
31823
31825
31826
31831
31839
31844
31852
31877
31881
31888
31889
31892
31894
31896
31899
31900
31901
31904
31912
31917
31923
31929
31932
31934
31938
31947
31948
31950
31956
31960
31961
31964
31966
31970
31991
31992
31993
31994
32001
32003
32010
32018
32025
32030
32031
32042
32043
32046
32056
32061
32068
32071
32072
32073
32076
32078
32079
32086
32088
32089
32093
32095
32098
32099
32111
32120
32124
32126
32127
32133
32134
32148
32156
32157
32179
32184
32186
32188
32212
32213
32215
32231
32237
32252
32253
32258
32263
32282
32283
32300
32301
32304
32306
32311
32316
32328
32334
32335
32347
32348
32363
32365
32366
32372
32379
32384
32390
32392
32395
32398
32400
32401
32408
32417
32429
32434
32435
32437
32441
32454
32455
32462
32464
32498
32500
32518
32525
32536
32567
32574
32575
32577
32584
32586
32598
32599
32609
32612
32618
32624
32629
32631
32632
32634
32637
32657
32661
32662
32666
32668
32673
32675
32679
32680
32693
32709
32710
32713
32718
32726
32743
32744
32752
32756
32762
32786
32789
32791
32792
32795
32796
32797
32800
32802
32811
32812
32819
32824
32828
32829
32838
32839
32845
32850
32856
32859
32861
32873
32875
32877
32904
32908
32917
32921
32929
32935
32940
32942
32943
32960
32974
32979
32982
32983
32985
32994
32995
33015
33029
33042
33044
33047
33049
33053
33055
33056
33082
33087
33089
33090
33096
33100
33102
33104
33107
33111
33113
33123
33125
33126
33137
33143
33146
33150
33153
33159
33171
33191
33195
33204
33208
33209
33220
33222
33226
33227
33234
33240
33251
33252
33262
33275
33278
33282
33283
33286
33288
33292
33294
33295
33296
33298
33299
33309
33312
33313
33315
33316
33324
33325
33331
33335
33336
33340
33346
33347
33350
33353
33358
33361
33365
33368
33370
33378
33381
33385
33394
33398
33401
33406
33412
33422
33431
33444
33445
33453
33455
33458
33464
33480
33486
33491
33497
33499
33504
33506
33507
33509
33511
33529
33550
33553
33559
33560
33567
33569
33571
33574
33580
33585
33588
33590
33592
33594
33618
33631
33633
33635
33636
33637
33638
33644
33653
33654
33658
33663
33676
33682
33708
33713
33717
33719
33723
33731
33732
33733
33753
33760
33763
33765
33768
33769
33782
33787
33801
33803
33807
33815
33817
33818
33821
33827
33860
33869
33870
33878
33879
33880
33884
33890
33893
33895
33896
33900
33910
33938
33941
33954
33960
33961
33962
33969
33973
33974
33986
33988
33989
33990
33993
33994
34007
34014
34018
34019
34034
34038
34039
34050
34052
34056
34058
34063
34066
34068
34087
34100
34111
34128
34139
34141
34142
34149
34153
34157
34159
34162
34164
34167
34168
34169
34172
34174
34179
34196
34205
34209
34224
34230
34236
34238
34239
34252
34268
34279
34285
34288
34293
34300
34310
34316
34318
34320
34321
34322
34325
34337
34341
34344
34345
34346
34350
34351
34353
34357
34366
34378
34383
34384
34385
34388
34397
34398
34401
34406
34415
34417
34420
34424
34429
34430
34438
34440
34441
34443
34449
34451
34460
34463
34481
34488
34490
34493
34496
34501
34510
34512
34519
34520
34524
34528
34530
34533
34541
34552
34553
34555
34560
34570
34580
34582
34584
34587
34590
34596
34597
34601
34606
34612
34613
34620
34627
34629
34632
34645
34653
34655
34656
34660
34661
34665
34683
34691
34692
34704
34709
34718
34722
34747
34753
34756
34757
34759
34765
34768
34771
34775
34777
34782
34783
34787
34791
34800
34804
34806
34808
34816
34832
34838
34848
34849
34850
34854
34859
34863
34865
34870
34871
34875
34888
34891
34892
34901
34903
34907
34911
34920
34937
34945
34946
34948
34953
34955
34960
34964
34967
34970
34971
34976
34990
35001
35002
35007
35011
35016
35018
35023
35031
35041
35044
35046
35063
35066
35069
35076
35082
35088
35091
35097
35108
35111
35112
35118
35130
35138
35140
35144
35151
35152
35155
35156
35165
35169
35172
35173
35178
35208
35209
35212
35213
35215
35216
35221
35222
35227
35228
35238
35243
35254
35258
35265
35272
35273
35277
35289
35290
35294
35306
35309
35315
35330
35336
35337
35348
35351
35358
35360
35362
35363
35367
35369
35373
35377
35387
35390
35394
35395
35397
35414
35424
35427
35428
35433
35436
35446
35450
35458
35459
35463
35466
35469
35473
35480
35481
35483
35485
35487
35490
35493
35494
35496
35504
35506
35512
35517
35519
35527
35531
35532
35545
35548
35553
35556
35562
35563
35567
35571
35575
35577
35582
35593
35595
35596
35601
35614
35618
35620
35626
35630
35633
35635
35637
35639
35640
35644
35667
35673
35685
35691
35697
35702
35706
35711
35733
35734
35736
35741
35747
35753
35756
35764
35765
35768
35775
35786
35790
35791
35795
35804
35810
35813
35817
35818
35823
35827
35832
35833
35834
35839
35847
35854
35879
35883
35889
35891
35901
35902
35904
35911
35940
35948
35960
35966
35967
35969
35970
35971
35974
35977
35984
36000
36014
36029
36031
36032
36045
36048
36052
36061
36065
36071
36074
36076
36079
36083
36086
36088
36093
36094
36096
36098
36107
36119
36132
36137
36139
36153
36156
36163
36173
36177
36181
36183
36188
36189
36191
36196
36209
36210
36213
36214
36218
36225
36226
36232
36234
36236
36242
36245
36246
36254
36261
36278
36289
36303
36304
36305
36307
36310
36320
36321
36324
36332
36336
36353
36377
36378
36379
36384
36385
36392
36394
36397
36414
36415
36426
36428
36435
36438
36444
36448
36451
36458
36461
36462
36468
36471
36472
36487
36492
36493
36499
36511
36526
36531
36535
36539
36543
36545
36549
36551
36558
36568
36569
36570
36572
36577
36580
36584
36588
36593
36601
36604
36607
36637
36650
36651
36655
36669
36675
36677
36681
36683
36686
36689
36690
36693
36694
36716
36720
36734
36735
36744
36755
36766
36771
36774
36775
36781
36783
36788
36791
36794
36797
36798
36806
36807
36810
36811
36813
36814
36835
36836
36851
36855
36856
36858
36859
36864
36877
36898
36903
36905
36906
36908
36910
36914
36915
36917
36923
36928
36938
36945
36946
36968
36971
36981
36983
36985
36987
36988
36991
36996
37015
37017
37042
37047
37048
37050
37051
37057
37058
37068
37071
37075
37087
37094
37095
37100
37104
37112
37113
37118
37125
37137
37142
37155
37160
37164
37166
37174
37180
37187
37188
37190
37195
37201
37208
37212
37236
37238
37239
37245
37252
37257
37258
37260
37279
37281
37285
37286
37290
37291
37292
37296
37297
37309
37311
37312
37317
37322
37323
37326
37328
37332
37336
37342
37344
37346
37348
37352
37359
37368
37369
37390
37393
37405
37412
37416
37432
37439
37440
37445
37449
37451
37460
37466
37468
37471
37474
37482
37487
37489
37491
37495
37498
37499
37502
37513
37517
37519
37525
37527
37532
37544
37548
37559
37566
37568
37576
37579
37580
37583
37585
37592
37594
37595
37597
37602
37607
37612
37615
37620
37625
37635
37636
37643
37645
37651
37663
37671
37672
37674
37678
37682
37684
37687
37690
37694
37696
37704
37706
37713
37723
37727
37734
37739
37742
37743
37750
37752
37769
37775
37780
37788
37790
37793
37796
37803
37820
37823
37831
37835
37841
37844
37848
37852
37858
37867
37872
37879
37882
37900
37904
37906
37907
37913
37917
37919
37924
37927
37929
37935
37940
37942
37947
37950
37951
37954
37970
37974
37986
37992
38001
38008
38020
38022
38029
38050
38058
38076
38078
38087
38089
38091
38099
38108
38117
38118
38126
38131
38132
38133
38140
38150
38151
38152
38156
38157
38159
38164
38167
38182
38199
38205
38213
38221
38224
38230
38232
38235
38244
38251
38253
38254
38257
38271
38281
38284
38293
38296
38301
38306
38310
38316
38321
38324
38326
38330
38342
38356
38357
38360
38366
38369
38372
38376
38381
38394
38401
38404
38413
38415
38416
38429
38434
38437
38440
38452
38454
38477
38482
38488
38508
38512
38531
38548
38561
38562
38569
38574
38576
38578
38590
38592
38604
38619
38620
38621
38624
38639
38644
38645
38653
38662
38666
38668
38669
38672
38673
38675
38681
38693
38694
38699
38702
38712
38714
38718
38722
38734
38737
38744
38747
38756
38757
38758
38767
38771
38775
38777
38779
38785
38788
38799
38801
38809
38810
38812
38814
38819
38824
38825
38833
38836
38844
38869
38876
38887
38896
38904
38910
38913
38917
38920
38922
38923
38933
38947
38949
38955
38961
38969
38977
38978
38984
38986
38990
38992
39004
39012
39013
39025
39032
39040
39042
39051
39052
39053
39054
39056
39057
39058
39061
39077
39082
39091
39095
39101
39110
39117
39124
39127
39129
39140
39141
39142
39145
39173
39180
39181
39198
39200
39207
39209
39212
39222
39231
39235
39240
39259
39268
39275
39285
39286
39290
39300
39304
39308
39309
39313
39321
39325
39326
39335
39336
39339
39340
39348
39349
39354
39355
39360
39363
39364
39372
39374
39378
39380
39388
39390
39398
39400
39403
39407
39414
39418
39423
39425
39440
39452
39455
39469
39477
39491
39495
39499
39503
39521
39529
39531
39539
39546
39548
39551
39556
39570
39572
39579
39585
39591
39597
39600
39604
39605
39607
39608
39610
39619
39621
39627
39631
39638
39644
39655
39669
39671
39681
39682
39684
39685
39694
39698
39701
39702
39705
39706
39708
39716
39717
39728
39733
39736
39746
39748
39757
39764
39768
39776
39800
39801
39802
39803
39815
39816
39820
39834
39844
39854
39860
39861
39871
39872
39873
39884
39886
39894
39895
39896
39908
39917
39926
39939
39944
39945
39951
39953
39960
39964
39966
39969
39970
39980
39985
39987
39988
39996
40000
40013
40022
40033
40037
40044
40050
40056
40059
40073
40087
40088
40090
40098
40100
40102
40116
40119
40125
40134
40135
40139
40142
40149
40154
40158
40162
40164
40170
40176
40188
40199
40203
40204
40205
40206
40217
40218
40224
40229
40233
40237
40238
40251
40252
40267
40274
40279
40297
40300
40307
40308
40317
40318
40321
40322
40326
40329
40351
40360
40370
40381
40387
40394
40400
40411
40416
40419
40420
40426
40431
40438
40448
40471
40473
40486
40487
40493
40511
40516
40523
40531
40552
40556
40563
40566
40570
40571
40577
40585
40589
40591
40592
40593
40607
40609
40612
40616
40623
40639
40655
40656
40658
40661
40672
40683
40684
40687
40697
40698
40720
40723
40731
40732
40736
40746
40764
40774
40779
40783
40787
40791
40803
40806
40814
40816
40820
40831
40835
40838
40844
40857
40862
40871
40872
40874
40884
40891
40893
40900
40905
40911
40924
40927
40930
40932
40936
40937
40944
40951
40957
40961
40962
40969
40985
40986
40992
40994
40995
40999
41019
41025
41035
41040
41047
41049
41050
41060
41063
41066
41068
41070
41075
41078
41082
41094
41095
41098
41107
41111
41114
41119
41121
41122
41125
41131
41133
41135
41138
41141
41150
41155
41157
41164
41165
41168
41180
41181
41202
41214
41224
41237
41266
41270
41276
41284
41289
41290
41297
41303
41306
41313
41314
41320
41325
41332
41334
41335
41336
41343
41354
41361
41365
41369
41374
41376
41383
41386
41401
41404
41407
41426
41431
41434
41443
41448
41475
41478
41482
41496
41498
41504
41505
41510
41511
41512
41518
41520
41523
41526
41541
41544
41546
41556
41560
41561
41573
41576
41580
41581
41607
41614
41631
41642
41645
41647
41650
41653
41657
41662
41664
41665
41674
41679
41690
41696
41708
41710
41712
41721
41729
41731
41756
41763
41764
41766
41771
41772
41776
41783
41786
41787
41789
41796
41800
41803
41811
41832
41839
41852
41859
41860
41864
41865
41866
41867
41879
41880
41882
41886
41888
41893
41898
41901
41902
41903
41905
41907
41910
41918
41925
41929
41934
41935
41937
41948
41949
41954
41958
41959
41960
41963
41964
41998
42001
42004
42012
42024
42033
42036
42040
42044
42055
42056
42064
42071
42072
42101
42102
42104
42111
42117
42120
42121
42126
42131
42133
42136
42152
42158
42161
42169
42171
42172
42183
42184
42190
42201
42202
42205
42207
42217
42226
42235
42237
42241
42242
42244
42251
42259
42263
42265
42268
42282
42283
42286
42288
42290
42293
42300
42307
42319
42325
42328
42336
42340
42342
42346
42365
42367
42378
42379
42380
42384
42388
42394
42399
42405
42412
42415
42416
42422
42432
42440
42442
42452
42455
42456
42460
42463
42466
42467
42469
42470
42471
42484
42489
42492
42493
42494
42496
42497
42498
42499
42501
42505
42517
42519
42522
42525
42526
42529
42531
42532
42536
42539
42547
42548
42550
42552
42561
42567
42569
42577
42578
42579
42600
42607
42609
42610
42611
42616
42617
42619
42622
42624
42627
42636
42639
42644
42647
42653
42657
42671
42675
42677
42681
42687
42693
42695
42696
42701
42702
42709
42711
42713
42719
42721
42722
42726
42727
42729
42733
42735
42740
42744
42747
42752
42760
42762
42764
42775
42780
42781
42786
42790
42791
42793
42795
42796
42800
42804
42807
42822
42829
42832
42833
42845
42847
42849
42855
42859
42864
42868
42871
42878
42885
42886
42887
42888
42892
42899
42903
42906
42908
42909
42911
42912
42933
42943
42946
42956
42957
42959
42977
42985
42992
42993
43013
43014
43016
43019
43020
43025
43028
43036
43039
43041
43046
43053
43056
43057
43058
43061
43064
43067
43071
43077
43078
43083
43092
43093
43103
43104
43113
43114
43115
43116
43122
43129
43132
43144
43147
43149
43150
43151
43154
43158
43160
43170
43175
43177
43178
43189
43200
43211
43217
43219
43226
43227
43242
43244
43245
43246
43250
43261
43262
43267
43270
43282
43289
43300
43304
43307
43309
43310
43316
43317
43323
43324
43325
43340
43347
43351
43354
43356
43364
43367
43376
43379
43382
43386
43401
43407
43408
43409
43411
43419
43422
43437
43445
43457
43462
43468
43480
43487
43492
43502
43507
43518
43523
43524
43525
43526
43527
43551
43558
43565
43566
43568
43571
43579
43580
43590
43592
43599
43609
43613
43617
43634
43636
43660
43661
43663
43666
43668
43673
43675
43677
43679
43683
43690
43709
43713
43714
43719
43726
43731
43741
43742
43748
43752
43757
43759
43760
43771
43772
43775
43777
43799
43802
43805
43809
43811
43814
43816
43823
43841
43843
43845
43853
43854
43857
43862
43864
43865
43871
43873
43879
43894
43907
43908
43919
43923
43939
43942
43944
43951
43958
43967
43973
43981
43989
43990
43991
43999
44001
44016
44020
44045
44049
44055
44058
44069
44071
44077
44081
44083
44087
44089
44095
44104
44118
44119
44127
44128
44144
44147
44161
44167
44172
44174
44177
44179
44181
44195
44198
44200
44201
44209
44222
44223
44224
44234
44235
44237
44238
44240
44242
44250
44257
44264
44270
44286
44297
44299
44300
44301
44309
44310
44312
44320
44326
44334
44342
44343
44344
44345
44354
44361
44368
44373
44379
44381
44384
44385
44387
44391
44392
44393
44404
44407
44411
44415
44425
44428
44429
44432
44443
44444
44450
44455
44459
44460
44481
44484
44505
44508
44514
44515
44518
44521
44523
44524
44530
44534
44564
44566
44567
44572
44577
44583
44585
44599
44604
44608
44609
44610
44611
44614
44617
44619
44636
44639
44640
44642
44647
44651
44666
44668
44675
44691
44698
44702
44707
44711
44715
44718
44719
44727
44728
44731
44738
44742
44759
44766
44770
44793
44806
44816
44817
44819
44820
44829
44834
44835
44845
44860
44863
44872
44878
44906
44912
44918
44921
44922
44926
44927
44940
44964
44966
44974
44978
44985
44997
44999
45000
45003
45004
45010
45019
45035
45045
45050
45051
45056
45057
45062
45067
45068
45069
45073
45074
45096
45098
45101
45102
45103
45105
45106
45113
45114
45118
45122
45123
45125
45132
45136
45140
45143
45144
45146
45148
45153
45155
45156
45158
45160
45170
45171
45189
45195
45196
45198
45202
45210
45213
45214
45215
45216
45223
45231
45233
45236
45243
45248
45264
45266
45271
45273
45285
45289
45302
45315
45316
45317
45325
45326
45328
45334
45335
45337
45340
45343
45349
45359
45364
45367
45368
45372
45384
45386
45389
45391
45400
45402
45406
45429
45430
45433
45441
45442
45448
45451
45456
45464
45465
45471
45474
45476
45477
45479
45480
45485
45491
45497
45499
45500
45502
45504
45508
45511
45512
45513
45517
45521
45537
45541
45542
45543
45545
45546
45548
45561
45574
45577
45587
45590
45594
45610
45613
45620
45626
45631
45632
45634
45637
45662
45676
45678
45683
45689
45691
45698
45703
45709
45711
45716
45720
45726
45736
45737
45744
45747
45752
45755
45757
45761
45764
45773
45774
45775
45789
45794
45798
45805
45806
45809
45820
45825
45830
45832
45835
45840
45842
45846
45849
45851
45853
45867
45870
45872
45881
45907
45911
45918
45919
45920
45921
45925
45926
45932
45934
45949
45950
45952
45956
45958
45965
45975
45976
45982
45987
45988
45990
46002
46006
46010
46013
46014
46015
46017
46028
46030
46038
46046
46048
46052
46053
46059
46064
46067
46075
46077
46092
46098
46110
46114
46129
46134
46138
46143
46147
46149
46161
46165
46173
46176
46178
46179
46183
46187
46189
46191
46192
46193
46197
46198
46201
46208
46215
46222
46226
46230
46236
46237
46242
46243
46253
46254
46256
46261
46265
46274
46276
46287
46298
46299
46305
46307
46308
46318
46331
46332
46338
46339
46345
46352
46357
46361
46373
46379
46389
46396
46398
46400
46406
46409
46412
46415
46418
46430
46433
46437
46438
46440
46452
46454
46460
46461
46472
46475
46477
46501
46503
46508
46509
46515
46519
46523
46529
46530
46531
46536
46537
46546
46548
46556
46560
46562
46565
46570
46573
46596
46599
46607
46611
46615
46616
46627
46635
46638
46643
46648
46650
46666
46672
46678
46685
46692
46703
46710
46719
46725
46727
46729
46733
46742
46763
46765
46767
46770
46771
46787
46788
46795
46797
46801
46802
46809
46814
46825
46830
46832
46839
46855
46858
46898
46903
46926
46937
46943
46951
46953
46961
46974
46975
46977
46978
46981
46985
46988
46990
46991
46995
47019
47020
47026
47027
47035
47038
47041
47043
47044
47049
47051
47052
47057
47059
47064
47067
47069
47076
47089
47091
47097
47111
47122
47129
47134
47139
47145
47148
47160
47162
47168
47174
47178
47187
47194
47198
47199
47218
47224
47229
47240
47247
47249
47252
47253
47257
47270
47272
47275
47277
47281
47287
47290
47300
47308
47310
47317
47326
47331
47337
47342
47347
47349
47362
47370
47371
47376
47377
47387
47388
47389
47390
47400
47411
47412
47415
47420
47428
47430
47441
47462
47466
47472
47476
47478
47489
47492
47500
47515
47518
47524
47525
47527
47529
47539
47547
47555
47560
47563
47564
47575
47583
47588
47601
47602
47613
47618
47619
47628
47634
47649
47654
47655
47656
47657
47665
47667
47670
47671
47677
47678
47680
47681
47687
47695
47696
47699
47705
47708
47714
47727
47736
47740
47743
47746
47756
47761
47765
47768
47769
47772
47773
47775
47778
47782
47791
47794
47796
47803
47808
47829
47837
47842
47844
47856
47863
47865
47866
47870
47871
47872
47879
47882
47884
47901
47904
47907
47908
47916
47928
47933
47937
47942
47946
47950
47952
47958
47959
47966
47968
47973
47979
47980
47983
47985
47993
47997
47999
48002
48010
48013
48020
48024
48027
48030
48036
48038
48064
48065
48066
48070
48073
48082
48094
48106
48111
48117
48132
48133
48137
48141
48146
48155
48166
48180
48182
48186
48192
48201
48202
48210
48218
48222
48228
48233
48235
48240
48247
48250
48266
48268
48283
48284
48286
48291
48293
48306
48312
48316
48320
48324
48328
48338
48340
48341
48344
48355
48359
48362
48364
48366
48376
48384
48385
48399
48402
48403
48427
48428
48439
48441
48445
48447
48451
48454
48484
48498
48504
48505
48508
48510
48517
48518
48521
48524
48525
48527
48529
48533
48536
48541
48546
48581
48582
48583
48586
48599
48603
48614
48623
48625
48628
48650
48654
48672
48675
48676
48686
48690
48693
48696
48700
48717
48718
48731
48737
48740
48742
48748
48753
48755
48768
48771
48786
48788
48799
48800
48807
48811
48825
48827
48832
48840
48842
48846
48853
48854
48855
48856
48859
48860
48870
48874
48875
48877
48885
48886
48891
48893
48917
48918
48920
48922
48930
48937
48945
48946
48951
48952
48954
48955
48958
48960
48968
48975
48976
48991
48996
48998
49002
49006
49013
49015
49021
49028
49034
49036
49037
49038
49040
49045
49048
49053
49054
49062
49069
49070
49071
49073
49078
49085
49088
49102
49108
49111
49117
49119
49129
49132
49134
49140
49142
49144
49147
49150
49157
49167
49171
49185
49186
49188
49195
49207
49210
49221
49223
49231
49243
49247
49261
49269
49292
49295
49307
49330
49342
49349
49355
49359
49361
49367
49379
49382
49385
49390
49398
49402
49411
49414
49419
49424
49427
49439
49442
49447
49453
49454
49460
49463
49464
49467
49468
49485
49487
49496
49500
49506
49510
49512
49513
49514
49517
49520
49522
49524
49528
49535
49538
49547
49550
49557
49560
49561
49569
49577
49579
49588
49597
49603
49617
49618
49624
49629
49632
49668
49669
49674
49679
49683
49692
49701
49702
49708
49721
49723
49731
49741
49746
49751
49754
49757
49769
49775
49778
49780
49787
49801
49802
49803
49811
49815
49819
49822
49836
49852
49862
49865
49871
49873
49874
49879
49886
49890
49900
49908
49922
49928
49937
49945
49946
49947
49952
49958
49959
49966
49970
49974
49981
49987
49989
49990
49992
49993
49997
50006
50016
50020
50030
50031
50040
50050
50056
50059
50060
50064
50069
50073
50074
50079
50086
50089
50094
50096
50100
50105
50110
50116
50118
50119
50121
50122
50133
50137
50142
50144
50146
50148
50157
50165
50172
50173
50176
50178
50185
50188
50191
50201
50204
50208
50212
50215
50221
50222
50226
50229
50237
50248
50253
50257
50260
50270
50272
50281
50300
50306
50311
50312
50314
50318
50325
50328
50329
50331
50332
50335
50337
50342
50344
50346
50347
50357
50363
50364
50372
50373
50378
50391
50393
50394
50402
50417
50419
50423
50428
50435
50436
50446
50454
50460
50461
50482
50483
50489
50505
50508
50509
50512
50513
50514
50534
50547
50557
50567
50575
50576
50588
50590
50596
50605
50609
50618
50625
50639
50641
50648
50649
50653
50660
50662
50669
50672
50675
50680
50684
50687
50705
50710
50723
50724
50734
50737
50738
50748
50749
50755
50768
50783
50786
50793
50797
50802
50803
50809
50810
50815
50818
50834
50842
50847
50850
50854
50875
50884
50890
50894
50898
50911
50922
50925
50926
50928
50933
50938
50939
50943
50946
50948
50954
50960
50963
50967
50968
50974
50986
50989
50990
50991
50995
51006
51007
51026
51034
51036
51040
51043
51044
51045
51051
51056
51061
51065
51066
51069
51072
51101
51103
51112
51114
51117
51120
51131
51135
51143
51145
51148
51150
51153
51156
51160
51162
51165
51170
51178
51180
51184
51190
51195
51201
51202
51206
51210
51213
51214
51219
51220
51223
51224
51227
51230
51234
51244
51263
51266
51267
51268
51269
51278
51279
51281
51286
51305
51310
51314
51321
51325
51333
51339
51343
51348
51353
51369
51370
51378
51390
51401
51407
51411
51413
51415
51425
51433
51442
51443
51444
51449
51453
51454
51458
51462
51469
51475
51481
51484
51487
51506
51508
51509
51526
51528
51535
51536
51538
51539
51548
51554
51564
51569
51571
51585
51599
51602
51606
51612
51619
51622
51623
51630
51632
51633
51636
51651
51652
51658
51660
51680
51683
51684
51698
51701
51703
51704
51707
51709
51720
51726
51727
51732
51735
51745
51746
51748
51751
51754
51757
51758
51759
51760
51761
51767
51768
51771
51776
51791
51792
51795
51809
51810
51811
51815
51824
51828
51830
51833
51843
51844
51849
51857
51862
51863
51889
51890
51892
51897
51898
51899
51903
51906
51913
51934
51943
51946
51952
51953
51955
51957
51962
51972
51979
51980
51983
51984
51985
51989
51996
51998
52001
52004
52020
52040
52048
52052
52055
52057
52059
52061
52066
52073
52085
52094
52095
52105
52115
52123
52130
52139
52141
52143
52159
52163
52175
52181
52182
52184
52189
52201
52205
52214
52219
52224
52228
52230
52237
52242
52251
52264
52266
52276
52283
52287
52288
52290
52291
52293
52296
52306
52310
52320
52325
52326
52330
52338
52342
52357
52358
52367
52379
52386
52397
52400
52408
52410
52420
52430
52435
52440
52446
52460
52463
52464
52471
52478
52485
52487
52499
52510
52511
52516
52518
52523
52529
52537
52539
52557
52562
52567
52570
52572
52582
52584
52587
52589
52594
52598
52603
52616
52642
52647
52648
52654
52657
52659
52662
52667
52670
52672
52677
52678
52695
52697
52706
52708
52711
52712
52726
52728
52733
52734
52739
52752
52755
52757
52760
52766
52768
52788
52791
52796
52801
52805
52809
52810
52814
52815
52832
52834
52836
52839
52840
52843
52850
52868
52872
52873
52876
52881
52883
52887
52897
52900
52903
52909
52914
52917
52919
52923
52926
52936
52949
52950
52951
52955
52960
52964
52973
52983
52987
52989
52993
53009
53011
53013
53019
53021
53025
53040
53045
53054
53059
53073
53076
53081
53082
53086
53090
53107
53111
53114
53118
53122
53127
53128
53130
53142
53143
53154
53176
53177
53179
53183
53193
53194
53203
53204
53206
53218
53219
53220
53222
53226
53227
53228
53229
53239
53242
53249
53252
53276
53284
53287
53299
53300
53301
53307
53310
53311
53319
53326
53327
53328
53330
53334
53339
53350
53356
53360
53366
53376
53380
53381
53386
53391
53411
53413
53435
53445
53449
53459
53461
53463
53465
53466
53473
53477
53481
53482
53485
53487
53489
53498
53503
53504
53506
53509
53510
53523
53527
53535
53536
53546
53557
53565
53567
53570
53573
53576
53578
53580
53581
53595
53602
53604
53611
53617
53627
53631
53643
53650
53655
53660
53661
53664
53669
53686
53690
53691
53697
53701
53707
53714
53716
53726
53736
53744
53763
53764
53772
53774
53784
53790
53793
53794
53806
53819
53824
53825
53826
53830
53832
53834
53835
53842
53845
53854
53859
53861
53869
53890
53896
53899
53902
53911
53922
53924
53931
53942
53945
53952
53962
53964
53965
53970
53974
53980
53983
53994
53995
54000
54005
54011
54012
54013
54019
54021
54030
54031
54035
54044
54045
54048
54058
54061
54063
54070
54072
54083
54086
54093
54098
54108
54109
54114
54115
54122
54127
54129
54136
54144
54146
54153
54156
54158
54161
54162
54165
54168
54170
54178
54181
54187
54189
54191
54194
54197
54212
54214
54216
54220
54223
54227
54231
54232
54252
54253
54255
54263
54269
54271
54275
54284
54286
54295
54296
54310
54323
54325
54326
54334
54340
54349
54352
54356
54362
54365
54369
54373
54374
54378
54387
54403
54404
54405
54409
54434
54437
54440
54449
54450
54451
54456
54478
54484
54486
54493
54498
54516
54525
54526
54542
54548
54555
54559
54571
54573
54587
54591
54606
54608
54612
54615
54631
54639
54641
54644
54648
54661
54662
54664
54668
54683
54686
54703
54719
54723
54725
54726
54730
54739
54742
54748
54749
54750
54752
54753
54756
54767
54771
54773
54777
54781
54789
54795
54806
54808
54811
54815
54819
54827
54828
54833
54845
54857
54865
54879
54884
54887
54888
54892
54893
54902
54903
54915
54919
54924
54929
54932
54934
54938
54946
54948
54949
54962
54963
54968
54970
54975
54976
54987
