6
15
19
23
35
53
83
88
96
102
126
150
157
170
193
201
209
214
234
236
288
293
303
306
320
336
349
368
372
383
385
393
401
413
418
429
432
443
447
490
498
504
508
521
527
528
530
541
544
562
567
572
595
606
616
620
633
652
673
678
685
703
722
730
733
738
762
785
794
841
842
854
861
875
878
888
891
892
893
922
940
956
966
972
980
986
1012
1014
1015
1019
1026
1033
1036
1054
1066
1076
1089
1091
1101
1106
1108
1115
1117
1121
1127
1143
1160
1167
1168
1182
1186
1195
1210
1212
1221
1226
1233
1241
1265
1291
1292
1293
1300
1303
1304
1317
1337
1342
1346
1362
1363
1368
1371
1376
1385
1386
1390
1395
1401
1413
1427
1463
1468
1484
1486
1492
1495
1508
1512
1520
1525
1527
1534
1537
1563
1570
1573
1578
1579
1594
1606
1611
1621
1625
1663
1682
1684
1714
1729
1739
1749
1758
1766
1768
1774
1780
1795
1800
1804
1819
1821
1834
1837
1846
1850
1851
1852
1874
1892
1912
1914
1928
1930
1939
1955
1962
1980
1981
2002
2007
2011
2012
2033
2045
2047
2058
2064
2095
2139
2155
2158
2168
2170
2172
2189
2190
2197
2200
2216
2219
2221
2241
2259
2267
2271
2273
2297
2301
2302
2311
2324
2340
2350
2360
2391
2434
2447
2449
2461
2473
2486
2494
2503
2506
2516
2517
2531
2534
2581
2589
2595
2605
2618
2638
2648
2656
2664
2668
2670
2684
2685
2703
2716
2733
2739
2740
2752
2758
2764
2766
2778
2787
2789
2792
2800
2810
2814
2822
2828
2829
2834
2836
2837
2844
2847
2856
2857
2858
2899
2904
2911
2915
2921
2930
2948
2955
2967
2989
3001
3027
3053
3068
3069
3075
3091
3097
3105
3122
3128
3134
3135
3153
3155
3174
3208
3215
3218
3227
3234
3248
3255
3295
3296
3307
3317
3340
3345
3350
3361
3377
3413
3433
3450
3455
3458
3468
3473
3485
3490
3498
3556
3558
3565
3570
3572
3578
3587
3592
3614
3620
3630
3637
3641
3666
3668
3699
3700
3702
3714
3720
3723
3730
3732
3743
3750
3752
3760
3765
3777
3780
3807
3827
3852
3863
3868
3877
3904
3917
3929
3940
3959
3967
3979
4038
4046
4099
4106
4139
4159
4175
4208
4215
4226
4228
4237
4238
4241
4243
4248
4258
4259
4263
4269
4297
4322
4324
4337
4339
4348
4382
4384
4386
4408
4430
4432
4435
4445
4447
4453
4464
4465
4470
4494
4518
4542
4550
4551
4556
4567
4568
4574
4587
4595
4598
4628
4634
4650
4653
4655
4669
4682
4709
4716
4721
4769
4770
4773
4792
4797
4799
4814
4817
4829
4835
4840
4846
4849
4864
4889
4905
4917
4929
4944
4946
4958
4973
4987
4993
4995
5001
5014
5027
5032
5038
5050
5055
5067
5082
5087
5088
5095
5105
5108
5111
5116
5127
5145
5149
5155
5158
5181
5188
5199
5224
5273
5277
5285
5300
5303
5305
5350
5351
5354
5355
5361
5371
5424
5427
5438
5449
5453
5468
5471
5474
5498
5499
5505
5515
5520
5541
5549
5551
5553
5555
5565
5570
5579
5594
5601
5611
5618
5620
5625
5631
5639
5666
5686
5700
5707
5711
5712
5714
5716
5725
5741
5774
5775
5799
5820
5848
5865
5868
5870
5896
5905
5931
5939
5944
5945
5958
5968
5973
5979
5993
6007
6010
6014
6021
6027
6038
6045
6078
6082
6095
6112
6117
6120
6122
6126
6132
6172
6190
6230
6254
6256
6280
6292
6301
6305
6306
6308
6311
6318
6334
6335
6337
6338
6349
6356
6359
6369
6376
6377
6386
6441
6451
6465
6499
6506
6528
6537
6543
6544
6551
6554
6571
6585
6598
6631
6654
6658
6668
6687
6709
6719
6722
6748
6754
6756
6765
6772
6775
6788
6839
6848
6854
6885
6889
6913
6925
6943
6947
6952
6962
7013
7017
7033
7042
7059
7068
7089
7091
7093
7098
7099
7100
7102
7104
7131
7133
7186
7193
7212
7215
7217
7232
7249
7251
7253
7264
7267
7269
7284
7287
7288
7305
7323
7346
7356
7359
7379
7385
7386
7396
7398
7403
7414
7448
7449
7462
7476
7482
7486
7500
7514
7532
7537
7557
7563
7577
7588
7595
7613
7654
7664
7666
7678
7711
7717
7739
7768
7769
7806
7819
7820
7838
7886
7890
7891
7892
7912
7933
7940
7959
7963
7969
7973
7988
7989
7998
8005
8025
8026
8042
8050
8061
8065
8093
8095
8119
8122
8125
8132
8136
8149
8152
8164
8193
8196
8205
8207
8230
8246
8260
8265
8287
8306
8307
8318
8348
8355
8357
8367
8385
8394
8402
8404
8413
8414
8426
8431
8457
8459
8463
8465
8502
8509
8520
8548
8602
8604
8610
8613
8617
8626
8628
8634
8649
8659
8660
8662
8669
8696
8708
8717
8719
8720
8740
8743
8765
8772
8777
8802
8817
8829
8844
8846
8847
8851
8856
8863
8864
8876
8900
8909
8916
8917
8945
8953
8962
8966
8972
9007
9011
9031
9037
9039
9044
9054
9059
9060
9064
9071
9072
9074
9175
9179
9184
9190
9204
9215
9253
9265
9272
9287
9290
9311
9321
9325
9327
9336
9344
9346
9348
9354
9361
9367
9376
9386
9402
9408
9410
9417
9421
9427
9433
9482
9504
9509
9514
9521
9528
9533
9547
9548
9550
9551
9557
9560
9562
9580
9586
9609
9611
9628
9631
9650
9652
9657
9679
9687
9702
9704
9739
9750
9754
9766
9776
9780
9790
9806
9807
9825
9828
9830
9840
9858
9860
9911
9917
9943
9975
9983
10011
10029
10031
10032
10037
10044
10058
10065
10076
10078
10083
10086
10088
10104
10105
10107
10112
10129
10132
10138
10141
10143
10155
10203
10211
10217
10226
10249
10257
10267
10273
10284
10290
10306
10331
10336
10357
10367
10375
10384
10399
10448
10451
10468
10470
10472
10494
10498
10503
10523
10529
10530
10535
10565
10572
10605
10606
10616
10662
10683
10685
10687
10695
10706
10715
10716
10718
10730
10738
10741
10748
10750
10757
10758
10766
10775
10814
10828
10846
10859
10866
10870
10879
10888
10912
10914
10917
10932
10935
10938
10951
10967
10973
10981
11003
11005
11026
11050
11054
11064
11065
11104
11135
11136
11139
11153
11163
11166
11168
11169
11200
11207
11216
11223
11233
11248
11264
11267
11311
11313
11319
11328
11369
11377
11384
11389
11390
11391
11409
11415
11421
11422
11429
11436
11441
11444
11455
11472
11499
11501
11503
11525
11543
11544
11550
11572
11586
11590
11596
11599
11603
11630
11644
11648
11659
11662
11670
11674
11681
11704
11710
11726
11738
11761
11768
11800
11803
11817
11830
11833
11836
11858
11860
11870
11875
11889
11914
11915
11923
11927
11930
11935
11938
11962
11963
11988
11994
11997
12007
12014
12020
12046
12056
12065
12071
12081
12084
12090
12097
12108
12134
12154
12161
12173
12175
12179
12181
12185
12187
12194
12201
12212
12244
12254
12278
12290
12302
12303
12313
12325
12333
12342
12353
12362
12394
12395
12399
12465
12486
12492
12500
12504
12514
12517
12518
12525
12526
12547
12552
12564
12568
12575
12576
12580
12591
12601
12607
12608
12630
12640
12646
12653
12661
12673
12674
12679
12697
12733
12737
12739
12751
12763
12779
12788
12808
12812
12818
12823
12853
12860
12889
12900
12902
12912
12921
12931
12953
12967
12971
12972
12975
13002
13036
13059
13060
13084
13088
13090
13097
13106
13111
13117
13119
13134
13168
13181
13184
13188
13198
13200
13207
13210
13215
13216
13220
13221
13234
13248
13265
13314
13317
13325
13349
13362
13368
13374
13381
13395
13396
13397
13437
13438
13439
13441
13448
13459
13461
13464
13477
13485
13488
13493
13494
13499
13502
13503
13507
13532
13539
13547
13563
13574
13587
13599
13620
13630
13635
13652
13664
13680
13693
13705
13706
13707
13717
13718
13726
13730
13737
13753
13791
13794
13801
13820
13866
13885
13897
13901
13924
13933
13938
13965
13975
13980
14003
14055
14058
14068
14095
14109
14128
14157
14161
14164
14172
14176
14184
14211
14230
14232
14236
14272
14273
14278
14286
14287
14296
14298
14301
14312
14313
14321
14329
14333
14356
14360
14371
14387
14396
14404
14410
14417
14433
14440
14467
14493
14502
14529
14541
14550
14594
14597
14607
14611
14623
14628
14630
14639
14644
14645
14648
14660
14676
14677
14684
14710
14719
14720
14723
14726
14742
14754
14761
14764
14771
14772
14824
14839
14841
14847
14858
14867
14870
14894
14925
14931
14935
14954
14957
14959
14973
14977
14978
14988
14990
15000
15001
15009
15020
15027
15043
15057
15066
15067
15110
15115
15124
15130
15131
15136
15147
15157
15173
15179
15200
15214
15217
15221
15226
15241
15254
15271
15277
15282
15283
15297
15298
15306
15328
15330
15334
15339
15357
15365
15387
15419
15425
15428
15430
15452
15466
15478
15491
15530
15533
15534
15557
15563
15580
15582
15588
15597
15599
15602
15608
15629
15632
15639
15643
15658
15663
15678
15696
15720
15748
15755
15778
15782
15786
15790
15801
15819
15823
15836
15842
15853
15863
15869
15879
15893
15907
15921
15927
15929
15937
15939
15944
15978
16019
16039
16043
16046
16051
16052
16053
16061
16062
16066
16091
16093
16098
16116
16124
16126
16129
16135
16139
16151
16153
16174
16200
16207
16215
16251
16256
16284
16288
16294
16319
16321
16335
16336
16338
16340
16380
16383
16397
16405
16406
16407
16423
16431
16444
16448
16452
16460
16464
16472
16473
16490
16509
16520
16541
16546
16552
16553
16558
16569
16576
16581
16585
16590
16595
16612
16621
16630
16636
16641
16643
16649
16673
16696
16708
16711
16724
16737
16742
16747
16754
16773
16778
16780
16786
16790
16799
16801
16812
16819
16822
16839
16866
16875
16882
16902
16907
16927
16928
16938
16940
16971
16972
17004
17006
17010
17012
17018
17037
17040
17050
17053
17065
17076
17082
17093
17131
17134
17140
17149
17158
17162
17175
17177
17183
17186
17187
17198
17199
17202
17205
17219
17226
17235
17241
17248
17251
17253
17269
17279
17280
17284
17286
17292
17293
17316
17320
17323
17325
17338
17346
17357
17367
17409
17412
17417
17421
17441
17443
17448
17480
17503
17508
17534
17538
17553
17573
17575
17588
17595
17596
17599
17606
17616
17619
17624
17628
17632
17638
17642
17650
17653
17701
17751
17752
17753
17764
17766
17770
17779
17791
17792
17796
17803
17804
17810
17829
17839
17846
17848
17861
17864
17875
17883
17911
17915
17927
17942
17986
17990
18008
18015
18016
18021
18033
18041
18045
18060
18069
18081
18083
18095
18102
18104
18110
18112
18125
18127
18157
18160
18171
18173
18187
18190
18202
18211
18214
18220
18221
18225
18242
18269
18300
18316
18317
18322
18325
18339
18340
18349
18354
18362
18368
18435
18439
18440
18453
18458
18471
18472
18474
18476
18478
18480
18488
18490
18499
18501
18557
18566
18581
18618
18643
18646
18647
18692
18701
18717
18733
18734
18741
18743
18748
18788
18825
18828
18831
18840
18842
18846
18856
18867
18873
18878
18883
18894
18897
18901
18902
18916
18919
18928
18929
18939
18948
18970
18991
19059
19060
19089
19092
19112
19113
19116
19127
19136
19138
19158
19161
19178
19179
19190
19193
19195
19230
19246
19257
19284
19299
19304
19314
19316
19323
19337
19350
19352
19377
19378
19382
19403
19410
19432
19453
19469
19482
19487
19500
19520
19522
19535
19542
19543
19546
19550
19562
19569
19580
19591
19611
19622
19642
19645
19680
19691
19720
19740
19814
19821
19823
19847
19862
19867
19869
19896
19901
19906
19910
19926
19934
19937
19942
19946
19949
19977
19980
19981
19990
19999
20000
20014
20035
20036
20039
20042
20044
20052
20055
20066
20068
20075
20076
20082
20108
20117
20130
20145
20147
20154
20169
20186
20204
20215
20233
20248
20263
20269
20274
20275
20277
20283
20284
20319
20328
20332
20342
20343
20377
20379
20384
20396
20414
20428
20429
20446
20463
20466
20470
20471
20476
20498
20502
20531
20534
20549
20557
20560
20566
20575
20583
20588
20589
20599
20610
20622
20637
20646
20649
20650
20656
20666
20670
20675
20699
20703
20708
20709
20713
20724
20726
20751
20759
20768
20794
20803
20815
20822
20839
20843
20845
20849
20850
20873
20881
20886
20889
20899
20901
20917
20918
20919
20925
20928
20930
20934
20953
20965
20967
20972
20979
20980
20982
20983
20992
21001
21004
21006
21056
21060
21064
21079
21081
21087
21098
21107
21118
21127
21145
21146
21149
21172
21177
21190
21204
21215
21221
21244
21288
21292
21299
21312
21316
21320
21325
21328
21331
21345
21349
21355
21382
21415
21445
21446
21461
21465
21469
21496
21508
21521
21530
21532
21557
21558
21567
21596
21599
21608
21645
21654
21655
21663
21664
21671
21722
21740
21759
21771
21802
21814
21821
21823
21833
21834
21847
21851
21858
21859
21879
21897
21898
21909
21919
21923
21928
21929
21957
21966
21994
22002
22021
22022
22027
22032
22060
22080
22097
22105
22114
22125
22129
22157
22158
22173
22175
22180
22192
22193
22200
22201
22202
22217
22220
22221
22224
22264
22274
22275
22287
22295
22297
22303
22313
22318
22329
22337
22341
22365
22379
22387
22411
22448
22460
22463
22481
22505
22506
22517
22523
22541
22547
22566
22592
22593
22600
22610
22628
22638
22642
22644
22673
22675
22676
22681
22695
22716
22730
22735
22744
22745
22749
22756
22761
22776
22787
22793
22796
22798
22799
22803
22816
22835
22840
22842
22843
22846
22848
22851
22863
22864
22877
22890
22891
22914
22916
22927
22949
22953
22967
22991
23009
23014
23023
23029
23045
23063
23066
23070
23103
23112
23120
23140
23148
23150
23152
23156
23161
23167
23187
23195
23202
23210
23213
23228
23244
23248
23270
23311
23331
23346
23363
23372
23378
23412
23419
23420
23427
23454
23457
23494
23509
23523
23527
23538
23596
23605
23629
23630
23633
23636
23638
23679
23694
23701
23721
23729
23737
23740
23744
23745
23754
23759
23764
23770
23778
23779
23789
23798
23825
23831
23841
23842
23859
23862
23866
23881
23884
23897
23911
23915
23928
23931
23941
23945
23953
23970
23973
23977
23978
23983
23988
24006
24031
24036
24041
24062
24078
24082
24084
24086
24092
24095
24113
24127
24129
24137
24141
24145
24150
24167
24235
24258
24267
24276
24277
24281
24314
24338
24348
24349
24361
24370
24375
24400
24417
24441
24443
24449
24468
24477
24485
24518
24563
24579
24581
24584
24586
24592
24594
24611
24615
24617
24623
24627
24631
24635
24636
24655
24676
24681
24694
24704
24724
24733
24763
24830
24832
24834
24853
24856
24862
24865
24872
24899
24922
24924
24931
24943
24944
24954
24960
24965
24980
24985
24993
25006
25029
25037
25041
25063
25069
25079
25081
25131
25144
25180
25184
25188
25199
25231
25244
25261
25264
25282
25289
25308
25336
25337
25341
25342
25350
25354
25361
25367
25369
25382
25401
25406
25415
25416
25428
25430
25439
25451
25473
25527
25531
25542
25548
25567
25571
25576
25593
25598
25600
25613
25625
25662
25681
25683
25690
25702
25765
25768
25795
25799
25800
25816
25834
25842
25856
25905
25927
25935
25958
25960
25970
25994
25999
26024
26038
26040
26063
26069
26071
26074
26092
26106
26123
26133
26134
26141
26164
26165
26167
26169
26172
26173
26175
26202
26231
26252
26306
26322
26323
26339
26342
26343
26364
26375
26382
26401
26402
26405
26436
26440
26444
26460
26477
26498
26502
26508
26512
26525
26544
26557
26560
26592
26623
26633
26641
26650
26659
26678
26680
26700
26711
26718
26724
26728
26733
26747
26750
26791
26802
26805
26806
26826
26837
26846
26876
26877
26893
26898
26902
26911
26925
26926
26933
26936
26944
26954
26961
26966
26969
26980
27000
27001
27005
27012
27046
27058
27071
27081
27088
27091
27108
27110
27111
27136
27144
27152
27182
27184
27191
27194
27217
27219
27227
27242
27257
27261
27278
27282
27290
27315
27318
27321
27340
27342
27349
27376
27379
27386
27400
27405
27408
27435
27438
27447
27453
27473
27478
27484
27499
27506
27531
27537
27539
27568
27572
27580
27581
27582
27594
27609
27611
27613
27628
27631
27641
27649
27660
27670
27676
27692
27704
27714
27747
27753
27759
27760
27763
27794
27796
27798
27805
27821
27835
27841
27851
27871
27879
27883
27886
27913
27933
27940
27974
27982
27988
27997
28002
28004
28024
28042
28049
28056
28058
28062
28068
28094
28096
28104
28106
28109
28116
28166
28168
28170
28182
28192
28220
28253
28260
28276
28280
28294
28301
28304
28308
28320
28326
28339
28350
28355
28363
28371
28402
28421
28427
28441
28443
28450
28456
28457
28458
28459
28461
28466
28476
28481
28495
28498
28505
28532
28579
28582
28587
28594
28596
28637
28643
28656
28658
28673
28713
28720
28729
28734
28739
28740
28744
28751
28753
28755
28760
28769
28795
28800
28805
28824
28837
28856
28864
28896
28900
28930
28933
28936
28975
28977
28985
28988
29005
29007
29019
29020
29023
29032
29038
29066
29072
29073
29098
29109
29119
29132
29142
29150
29151
29152
29165
29188
29212
29215
29218
29229
29231
29239
29249
29264
29266
29272
29274
29279
29299
29319
29338
29371
29385
29415
29421
29425
29443
29450
29463
29468
29471
29482
29483
29494
29510
29518
29519
29522
29536
29557
29573
29580
29612
29617
29631
29641
29668
29670
29685
29695
29697
29706
29724
29727
29741
29770
29772
29781
29792
29794
29795
29805
29806
29810
29811
29815
29822
29825
29834
29835
29844
29873
29875
29889
29891
29899
29901
29913
29925
29932
29939
29950
29997
29998
30000
30012
30013
30016
30020
30026
30062
30071
30084
30092
30101
30112
30124
30133
30134
30139
30143
30154
30158
30163
30165
30199
30221
30245
30271
30293
30294
30299
30335
30350
30360
30361
30362
30368
30369
30373
30376
30400
30403
30411
30419
30426
30443
30446
30449
30450
30464
30474
30485
30541
30543
30544
30557
30569
30570
30576
30577
30608
30619
30627
30631
30648
30667
30672
30693
30695
30705
30706
30715
30734
30746
30757
30759
30769
30796
30813
30840
30848
30890
30904
30906
30915
30932
30936
30948
30954
30980
30988
31001
31008
31011
31054
31096
31105
31115
31134
31141
31147
31150
31158
31161
31177
31216
31227
31230
31232
31235
31243
31246
31253
31254
31272
31337
31361
31378
31380
31383
31395
31439
31449
31456
31459
31460
31462
31521
31526
31539
31548
31551
31563
31565
31569
31576
31615
31623
31624
31634
31639
31647
31657
31660
31689
31691
31693
31701
31706
31759
31772
31787
31793
31829
31863
31873
31878
31883
31895
31933
31941
31952
31958
31967
31982
31984
31985
31988
32000
32013
32023
32024
32032
32041
32049
32057
32077
32082
32092
32103
32104
32110
32115
32130
32145
32149
32155
32162
32163
32165
32187
32198
32200
32201
32217
32225
32229
32250
32261
32274
32277
32287
32299
32321
32324
32336
32356
32358
32370
32376
32378
32413
32414
32430
32431
32444
32447
32448
32450
32471
32477
32488
32504
32527
32529
32530
32533
32540
32542
32551
32561
32572
32573
32585
32588
32597
32603
32621
32638
32640
32650
32669
32671
32677
32684
32685
32714
32719
32721
32736
32738
32769
32774
32776
32784
32803
32809
32852
32853
32860
32863
32884
32891
32894
32906
32910
32911
32914
32920
32922
32933
32936
32937
32978
32981
33000
33006
33024
33034
33043
33058
33071
33074
33083
33085
33108
33109
33122
33133
33138
33147
33161
33197
33214
33221
33243
33259
33260
33263
33268
33302
33308
33310
33337
33355
33374
33379
33384
33388
33389
33391
33409
33424
33428
33441
33457
33465
33471
33484
33502
33512
33513
33524
33526
33537
33543
33555
33572
33584
33589
33595
33609
33656
33666
33673
33690
33703
33707
33709
33729
33737
33739
33750
33751
33756
33774
33791
33816
33832
33835
33836
33840
33855
33868
33876
33887
33891
33902
33903
33906
33918
33929
33936
33942
33957
33966
33978
33981
33992
33995
34032
34033
34042
34043
34048
34071
34084
34088
34095
34101
34105
34114
34122
34134
34150
34161
34175
34184
34187
34206
34208
34214
34234
34256
34262
34265
34269
34277
34295
34299
34313
34327
34342
34355
34359
34370
34371
34379
34393
34407
34408
34409
34413
34427
34442
34444
34456
34459
34468
34479
34495
34498
34505
34521
34527
34531
34532
34537
34542
34559
34567
34577
34581
34585
34588
34591
34609
34622
34634
34635
34647
34670
34676
34689
34698
34706
34716
34725
34730
34738
34750
34767
34774
34776
34781
34789
34790
34799
34817
34829
34834
34847
34876
34877
34912
34919
34926
34927
34928
34940
34954
34961
34987
34991
35004
35008
35010
35015
35022
35026
35030
35034
35061
35074
35096
35134
35136
35141
35146
35160
35170
35184
35195
35224
35244
35246
35249
35260
35271
35276
35282
35296
35300
35308
35312
35319
35323
35333
35334
35343
35344
35346
35364
35383
35413
35415
35416
35421
35439
35443
35452
35455
35491
35505
35520
35534
35535
35546
35592
35602
35616
35629
35634
35641
35647
35663
35678
35682
35708
35720
35724
35725
35729
35730
35754
35757
35787
35788
35798
35801
35803
35809
35821
35828
35866
35870
35878
35881
35917
35943
35959
35965
36004
36027
36036
36043
36060
36066
36068
36082
36097
36106
36117
36122
36136
36138
36159
36167
36170
36186
36206
36212
36216
36222
36223
36235
36241
36244
36252
36296
36301
36322
36342
36346
36366
36369
36404
36416
36425
36431
36436
36459
36465
36474
36481
36491
36541
36614
36625
36630
36643
36652
36656
36679
36682
36684
36695
36698
36701
36704
36741
36743
36748
36750
36768
36772
36777
36799
36804
36812
36830
36833
36837
36839
36874
36876
36886
36894
36900
36922
36929
36932
36935
36940
36947
36948
36950
36960
36965
36975
37030
37039
37053
37062
37067
37079
37099
37102
37105
37107
37110
37119
37138
37143
37157
37172
37179
37182
37186
37192
37202
37204
37211
37221
37223
37224
37240
37263
37264
37268
37275
37276
37277
37319
37329
37343
37364
37375
37388
37391
37394
37396
37417
37418
37423
37436
37463
37483
37493
37501
37534
37538
37547
37550
37553
37567
37573
37575
37578
37581
37582
37588
37591
37610
37614
37621
37639
37642
37650
37655
37667
37686
37719
37721
37728
37733
37746
37754
37766
37779
37781
37814
37828
37836
37887
37914
37922
37953
37958
37959
37963
37987
37990
37995
38000
38004
38013
38032
38039
38052
38060
38071
38073
38081
38120
38121
38124
38154
38162
38193
38206
38209
38246
38276
38278
38279
38283
38332
38335
38347
38354
38364
38373
38380
38388
38391
38393
38397
38411
38414
38427
38436
38442
38448
38451
38456
38465
38468
38470
38475
38478
38524
38527
38547
38557
38564
38615
38630
38636
38646
38648
38678
38778
38791
38796
38805
38832
38857
38858
38871
38874
38882
38890
38898
38900
38907
38919
38929
38935
38964
38975
38981
38997
39006
39010
39015
39033
39035
39049
39065
39071
39097
39099
39128
39134
39151
39157
39174
39177
39182
39190
39213
39219
39238
39281
39288
39296
39314
39332
39333
39347
39385
39422
39431
39434
39443
39447
39459
39463
39505
39516
39525
39527
39538
39542
39545
39582
39596
39606
39616
39628
39640
39648
39653
39670
39683
39688
39689
39703
39743
39775
39787
39796
39799
39807
39821
39823
39825
39832
39839
39852
39858
39866
39874
39882
39885
39893
39934
39972
39979
39989
40005
40007
40014
40015
40042
40052
40060
40101
40127
40136
40143
40146
40148
40156
40169
40186
40208
40209
40226
40234
40236
40246
40256
40271
40291
40292
40294
40312
40320
40338
40358
40369
40380
40399
40410
40413
40428
40429
40437
40458
40459
40462
40464
40468
40474
40475
40479
40481
40504
40507
40522
40537
40544
40553
40554
40564
40568
40594
40603
40621
40629
40644
40665
40681
40682
40692
40710
40715
40717
40725
40726
40739
40742
40753
40772
40817
40824
40829
40832
40833
40843
40845
40847
40850
40856
40858
40859
40864
40877
40919
40923
40938
40939
40978
41003
41011
41021
41029
41033
41051
41052
41067
41073
41085
41086
41120
41132
41145
41162
41185
41190
41194
41209
41212
41222
41230
41234
41243
41253
41255
41263
41285
41291
41294
41301
41302
41307
41311
41317
41331
41345
41348
41350
41352
41377
41380
41400
41436
41445
41468
41474
41476
41497
41516
41528
41530
41547
41555
41586
41598
41615
41641
41652
41659
41668
41670
41676
41677
41686
41688
41693
41725
41730
41735
41737
41773
41813
41814
41822
41846
41869
41874
41899
41900
41917
41920
41927
41933
41943
41969
41970
41973
41978
41980
41989
42009
42013
42016
42019
42022
42027
42043
42078
42087
42095
42096
42128
42137
42151
42160
42174
42181
42182
42210
42216
42224
42264
42267
42270
42276
42279
42284
42285
42294
42314
42318
42326
42345
42349
42366
42373
42385
42408
42409
42421
42423
42437
42439
42454
42464
42476
42482
42502
42506
42516
42544
42545
42549
42571
42589
42603
42661
42664
42665
42670
42673
42678
42705
42714
42739
42754
42772
42779
42785
42809
42811
42818
42836
42852
42872
42877
42891
42893
42896
42950
42965
42973
42999
43003
43007
43022
43024
43045
43073
43124
43125
43136
43155
43156
43157
43169
43181
43193
43194
43199
43206
43237
43254
43264
43268
43285
43287
43288
43292
43293
43299
43311
43321
43326
43330
43334
43338
43341
43360
43361
43363
43365
43368
43394
43396
43399
43423
43432
43435
43436
43442
43446
43447
43453
43459
43460
43469
43473
43475
43479
43483
43501
43509
43532
43537
43544
43546
43548
43561
43567
43572
43574
43597
43606
43607
43622
43648
43652
43656
43665
43667
43693
43711
43723
43725
43737
43747
43754
43766
43773
43785
43801
43824
43835
43839
43850
43869
43874
43881
43893
43916
43930
43932
43934
43937
43956
43970
43985
44015
44031
44051
44074
44075
44092
44101
44103
44111
44115
44129
44135
44137
44148
44164
44188
44194
44196
44213
44225
44261
44266
44275
44280
44293
44305
44311
44328
44331
44336
44364
44376
44378
44419
44426
44439
44446
44449
44483
44489
44495
44499
44510
44527
44533
44535
44542
44543
44581
44584
44588
44597
44612
44634
44635
44644
44694
44721
44724
44725
44730
44746
44773
44780
44781
44785
44786
44795
44821
44823
44832
44859
44866
44876
44886
44892
44920
44937
44938
44943
44953
44954
44958
44960
44983
45008
45016
45018
45072
45076
45081
45087
45108
45139
45157
45163
45179
45184
45194
45239
45267
45268
45279
45288
45291
45294
45297
45320
45321
45330
45338
45344
45353
45358
45360
45381
45414
45418
45420
45427
45450
45453
45482
45488
45495
45516
45519
45525
45530
45531
45540
45554
45575
45593
45595
45616
45617
45618
45649
45659
45663
45672
45681
45696
45727
45728
45729
45730
45733
45740
45760
45762
45770
45799
45817
45836
45848
45866
45868
45879
45883
45897
45899
45903
45912
45922
45937
45940
45941
45957
45970
45979
45981
46001
46004
46007
46008
46050
46105
46112
46113
46116
46132
46135
46150
46159
46181
46196
46199
46211
46244
46257
46263
46275
46282
46288
46325
46326
46336
46354
46356
46360
46363
46376
46382
46385
46388
46391
46393
46414
46422
46442
46444
46471
46476
46481
46511
46512
46516
46520
46526
46539
46551
46552
46554
46563
46580
46581
46597
46622
46645
46647
46651
46653
46658
46696
46705
46711
46712
46714
46730
46747
46753
46754
46768
46772
46796
46816
46829
46836
46842
46859
46871
46872
46881
46885
46888
46891
46892
46902
46916
46945
46957
46976
47003
47007
47016
47023
47036
47070
47083
47090
47103
47141
47152
47157
47166
47170
47188
47225
47226
47269
47274
47276
47336
47350
47354
47357
47392
47402
47408
47416
47426
47437
47444
47451
47452
47477
47484
47490
47495
47542
47586
47590
47608
47620
47627
47640
47642
47682
47702
47723
47729
47752
47754
47777
47779
47792
47806
47824
47852
47862
47878
47903
47906
47938
47956
47963
47969
47971
47986
48039
48043
48045
48047
48069
48075
48093
48098
48108
48112
48121
48134
48159
48165
48170
48184
48215
48220
48246
48265
48280
48288
48294
48335
48383
48392
48393
48398
48412
48431
48432
48437
48453
48458
48468
48480
48487
48492
48496
48511
48515
48543
48556
48574
48576
48587
48592
48596
48638
48641
48648
48651
48653
48661
48674
48683
48684
48697
48713
48727
48729
48734
48744
48761
48766
48789
48828
48834
48836
48851
48867
48896
48910
48914
48926
48934
48986
48997
49016
49032
49051
49052
49060
49064
49066
49090
49094
49107
49125
49131
49136
49145
49155
49160
49170
49189
49190
49225
49227
49239
49249
49256
49263
49274
49304
49317
49318
49352
49353
49373
49375
49389
49401
49420
49423
49429
49434
49484
49489
49498
49509
49533
49534
49548
49555
49572
49580
49584
49608
49614
49623
49635
49642
49645
49648
49650
49667
49680
49681
49688
49689
49711
49718
49722
49748
49759
49776
49792
49809
49817
49830
49857
49876
49885
49889
49897
49903
49923
49944
49951
49986
50024
50039
50041
50063
50070
50101
50103
50125
50127
50136
50147
50158
50181
50182
50189
50197
50203
50223
50234
50238
50261
50280
50285
50293
50301
50307
50339
50350
50382
50403
50409
50426
50432
50438
50451
50478
50485
50516
50518
50521
50524
50527
50538
50543
50545
50550
50564
50583
50587
50597
50608
50623
50629
50631
50632
50668
50671
50685
50701
50702
50704
50718
50730
50732
50742
50750
50760
50776
50781
50801
50816
50835
50837
50839
50840
50844
50849
50853
50858
50878
50893
50901
50904
50906
50912
50913
50929
50941
50952
50965
50973
50987
51010
51015
51019
51052
51076
51079
51080
51089
51096
51119
51127
51128
51136
51139
51144
51159
51168
51171
51172
51173
51203
51212
51275
51304
51312
51319
51330
51341
51347
51379
51387
51389
51391
51395
51420
51421
51428
51432
51450
51477
51479
51490
51492
51493
51496
51500
51504
51505
51507
51513
51517
51549
51555
51557
51578
51593
51597
51598
51605
51620
51627
51628
51656
51665
51667
51668
51690
51695
51706
51716
51725
51747
51753
51755
51775
51779
51785
51793
51794
51805
51839
51841
51842
51846
51891
51893
51895
51909
51926
51927
51928
51944
51947
51956
51968
51970
51973
51976
51978
51990
52012
52014
52017
52027
52030
52045
52053
52070
52071
52074
52086
52092
52093
52100
52116
52119
52122
52132
52133
52137
52140
52165
52173
52188
52190
52221
52223
52232
52263
52289
52295
52298
52309
52318
52334
52346
52347
52352
52355
52362
52364
52368
52377
52381
52391
52393
52399
52403
52416
52449
52481
52488
52494
52495
52503
52515
52528
52530
52534
52555
52565
52601
52622
52629
52631
52638
52643
52656
52675
52684
52686
52714
52742
52762
52767
52782
52783
52787
52794
52795
52803
52822
52827
52829
52830
52842
52845
52870
52879
52901
52905
52934
52952
52962
52977
52985
52986
52994
52996
53000
53002
53008
53026
53050
53058
53061
53066
53075
53092
53098
53135
53145
53151
53160
53163
53168
53171
53184
53192
53202
53241
53253
53256
53277
53279
53282
53292
53295
53308
53316
53323
53325
53346
53347
53367
53369
53372
53382
53388
53392
53434
53451
53476
53496
53501
53521
53524
53526
53528
53532
53545
53594
53596
53600
53634
53656
53657
53675
53689
53702
53703
53712
53724
53756
53759
53768
53770
53820
53823
53831
53844
53868
53879
53909
53913
53914
53926
53929
53930
53932
53937
53947
53976
53981
53993
54007
54064
54090
54094
54097
54102
54125
54137
54142
54149
54154
54160
54169
54182
54205
54208
54218
54221
54235
54251
54270
54278
54280
54283
54305
54315
54330
54354
54359
54379
54407
54413
54416
54425
54428
54444
54445
54460
54465
54470
54474
54481
54483
54512
54528
54537
54544
54561
54578
54599
54607
54610
54618
54625
54634
54654
54658
54678
54688
54696
54698
54701
54727
54733
54736
54740
54760
54780
54829
54838
54850
54891
54913
54918
54922
54927
54939
54967
54971
