4
13
18
21
26
37
46
47
61
62
64
65
73
85
87
108
110
122
136
144
146
160
161
164
168
176
180
182
183
189
191
192
197
199
203
211
212
217
220
221
226
227
248
253
258
262
272
276
280
282
287
297
299
301
309
313
315
321
323
327
330
337
339
340
343
344
345
348
357
360
376
379
384
387
391
392
397
398
399
411
415
424
426
431
436
452
455
457
470
471
479
483
488
489
493
496
497
499
503
512
516
525
535
547
551
556
558
568
570
573
577
579
584
587
594
601
607
609
613
627
643
644
651
655
661
670
676
679
681
687
689
694
695
697
699
702
704
721
725
731
732
740
741
747
752
754
759
765
769
775
776
777
778
790
801
808
818
822
823
826
827
830
833
835
848
856
867
868
872
873
887
900
905
906
907
912
928
929
932
944
947
949
952
962
964
967
969
975
977
982
987
1011
1013
1017
1023
1032
1037
1039
1044
1046
1050
1052
1078
1082
1083
1095
1120
1133
1134
1135
1136
1138
1147
1152
1161
1162
1164
1178
1183
1201
1207
1218
1229
1247
1254
1255
1260
1261
1270
1280
1281
1286
1288
1299
1313
1325
1327
1335
1344
1351
1353
1365
1377
1381
1388
1394
1396
1399
1405
1415
1421
1422
1425
1430
1435
1446
1454
1458
1459
1462
1465
1467
1472
1475
1479
1481
1483
1485
1487
1488
1493
1494
1497
1498
1503
1517
1519
1521
1531
1532
1536
1541
1542
1548
1549
1551
1554
1557
1562
1564
1566
1567
1568
1572
1593
1599
1602
1603
1607
1610
1616
1628
1631
1634
1640
1644
1647
1665
1673
1685
1686
1698
1700
1710
1722
1723
1726
1727
1748
1771
1775
1776
1788
1793
1796
1798
1810
1813
1835
1862
1867
1871
1881
1884
1887
1888
1889
1894
1900
1909
1911
1924
1927
1932
1935
1947
1948
1949
1951
1961
1963
1969
1972
1974
1993
1996
2008
2022
2025
2028
2034
2043
2048
2051
2052
2061
2069
2076
2085
2092
2101
2103
2111
2116
2124
2125
2126
2127
2131
2133
2134
2135
2137
2140
2142
2144
2149
2160
2169
2177
2199
2201
2210
2212
2224
2227
2234
2237
2240
2244
2248
2250
2251
2252
2254
2257
2265
2272
2281
2282
2290
2292
2293
2296
2322
2326
2330
2331
2348
2369
2374
2378
2379
2387
2388
2394
2396
2401
2402
2409
2410
2412
2422
2428
2430
2439
2441
2443
2444
2445
2446
2450
2453
2454
2456
2468
2475
2489
2490
2496
2499
2509
2515
2520
2525
2528
2533
2536
2539
2549
2556
2559
2560
2564
2568
2572
2580
2592
2594
2597
2598
2612
2613
2615
2620
2621
2623
2628
2632
2633
2634
2643
2644
2647
2651
2653
2658
2661
2666
2672
2676
2688
2693
2694
2695
2696
2705
2708
2709
2718
2722
2723
2735
2736
2744
2745
2749
2751
2755
2765
2771
2772
2775
2780
2784
2786
2791
2804
2805
2811
2815
2821
2838
2839
2841
2842
2862
2863
2874
2875
2894
2897
2898
2902
2906
2908
2909
2927
2938
2940
2945
2947
2951
2952
2954
2959
2960
2966
2970
2977
2985
2987
2988
2990
3009
3014
3016
3028
3029
3042
3046
3061
3071
3079
3081
3085
3088
3093
3095
3099
3110
3125
3129
3138
3139
3146
3158
3159
3161
3165
3169
3181
3185
3186
3189
3195
3199
3204
3205
3206
3209
3213
3226
3238
3240
3252
3253
3259
3262
3263
3264
3266
3274
3275
3279
3300
3303
3308
3310
3313
3318
3323
3324
3326
3347
3352
3356
3362
3365
3375
3382
3385
3387
3391
3392
3397
3402
3403
3404
3405
3409
3410
3415
3417
3418
3420
3421
3423
3430
3431
3432
3437
3442
3443
3447
3453
3456
3457
3465
3478
3484
3489
3494
3496
3507
3510
3520
3522
3531
3534
3538
3545
3550
3553
3559
3560
3569
3573
3577
3582
3596
3604
3606
3607
3611
3612
3618
3619
3628
3633
3635
3638
3640
3644
3645
3647
3654
3662
3664
3677
3678
3680
3686
3688
3690
3692
3703
3715
3721
3729
3734
3737
3757
3758
3759
3770
3776
3779
3785
3787
3789
3794
3801
3806
3809
3811
3813
3820
3826
3830
3837
3838
3845
3866
3867
3871
3876
3888
3893
3899
3900
3920
3927
3932
3944
3945
3952
3953
3954
3955
3956
3957
3960
3965
3969
3975
3980
3982
3989
3991
4010
4015
4020
4028
4029
4036
4057
4058
4073
4075
4077
4081
4087
4092
4093
4111
4117
4120
4125
4127
4130
4137
4140
4143
4145
4151
4155
4169
4173
4174
4181
4183
4185
4189
4190
4191
4194
4195
4199
4200
4202
4213
4219
4221
4224
4230
4233
4240
4249
4253
4278
4279
4280
4286
4294
4299
4300
4305
4308
4320
4323
4329
4335
4351
4360
4363
4372
4376
4379
4380
4381
4389
4399
4401
4402
4411
4413
4414
4420
4422
4426
4428
4437
4438
4441
4443
4446
4452
4456
4463
4480
4483
4489
4498
4507
4509
4521
4524
4530
4539
4548
4552
4554
4555
4560
4571
4573
4585
4589
4591
4593
4602
4608
4610
4618
4631
4633
4637
4638
4639
4647
4648
4649
4658
4660
4661
4665
4671
4680
4681
4683
4690
4700
4701
4704
4715
4717
4723
4728
4732
4745
4748
4750
4753
4756
4757
4764
4766
4768
4771
4777
4788
4790
4793
4798
4805
4808
4815
4818
4819
4827
4832
4836
4841
4851
4853
4865
4867
4872
4874
4875
4877
4888
4890
4893
4896
4898
4913
4920
4931
4933
4936
4945
4947
4948
4951
4960
4967
4977
4991
4999
5002
5009
5016
5017
5020
5022
5023
5034
5037
5041
5044
5048
5053
5078
5080
5091
5096
5102
5107
5109
5112
5113
5135
5141
5144
5146
5147
5148
5151
5167
5170
5177
5178
5190
5192
5195
5208
5215
5218
5220
5228
5230
5239
5247
5251
5271
5274
5281
5289
5295
5296
5302
5307
5315
5318
5319
5320
5335
5336
5338
5339
5358
5359
5360
5366
5382
5390
5395
5397
5400
5404
5406
5412
5415
5417
5421
5422
5434
5439
5440
5441
5447
5454
5461
5470
5472
5475
5489
5493
5509
5530
5533
5540
5546
5556
5559
5562
5566
5574
5582
5586
5596
5598
5599
5607
5614
5621
5644
5650
5652
5660
5669
5673
5683
5689
5703
5718
5720
5728
5733
5737
5738
5751
5753
5754
5755
5760
5762
5764
5768
5787
5791
5805
5810
5814
5816
5819
5826
5831
5836
5841
5842
5844
5849
5850
5856
5857
5858
5861
5862
5863
5877
5885
5887
5888
5889
5890
5893
5894
5900
5901
5904
5909
5911
5912
5914
5915
5918
5921
5928
5940
5946
5953
5961
5964
5980
5982
5995
6013
6016
6025
6029
6032
6037
6052
6054
6062
6066
6075
6080
6087
6094
6107
6113
6119
6121
6135
6136
6141
6147
6156
6160
6167
6168
6173
6176
6180
6195
6202
6203
6207
6214
6224
6233
6237
6242
6255
6261
6265
6267
6270
6271
6273
6288
6296
6300
6302
6303
6316
6317
6327
6332
6352
6353
6355
6366
6378
6402
6404
6406
6413
6418
6426
6427
6432
6435
6438
6444
6450
6452
6458
6461
6466
6482
6488
6491
6494
6502
6512
6516
6518
6525
6526
6529
6536
6548
6556
6565
6568
6582
6583
6590
6592
6593
6595
6607
6611
6620
6621
6622
6626
6628
6634
6636
6643
6649
6650
6653
6669
6670
6676
6679
6683
6684
6694
6703
6714
6721
6726
6728
6730
6744
6746
6750
6752
6757
6760
6761
6763
6764
6773
6778
6795
6796
6801
6812
6813
6814
6815
6822
6831
6836
6838
6840
6845
6857
6860
6861
6865
6868
6869
6870
6871
6879
6886
6906
6924
6927
6928
6934
6936
6949
6957
6963
6970
6973
6982
6984
6990
6994
7002
7007
7018
7024
7028
7031
7034
7035
7062
7063
7069
7081
7084
7090
7110
7116
7117
7119
7120
7127
7138
7147
7151
7156
7159
7160
7178
7179
7182
7195
7196
7197
7199
7200
7211
7214
7221
7222
7229
7231
7242
7252
7261
7271
7274
7286
7290
7291
7297
7313
7319
7320
7322
7326
7333
7337
7339
7340
7342
7345
7347
7348
7349
7353
7375
7388
7392
7401
7411
7418
7426
7430
7435
7439
7441
7454
7457
7463
7465
7475
7480
7488
7493
7494
7498
7499
7518
7522
7530
7534
7540
7547
7548
7569
7571
7574
7576
7584
7593
7601
7603
7608
7609
7619
7620
7621
7630
7633
7637
7638
7642
7646
7648
7663
7670
7671
7680
7682
7685
7688
7691
7694
7695
7701
7712
7713
7720
7726
7733
7734
7737
7738
7752
7765
7766
7775
7785
7787
7790
7808
7821
7836
7847
7852
7856
7857
7864
7867
7870
7873
7901
7909
7916
7918
7920
7925
7930
7931
7937
7938
7939
7941
7945
7951
7952
7960
7965
7968
7970
7971
7980
7984
7986
7987
7997
8002
8010
8013
8018
8022
8037
8039
8047
8051
8052
8054
8069
8071
8076
8082
8085
8087
8088
8090
8097
8106
8109
8112
8116
8124
8131
8134
8142
8144
8146
8156
8158
8160
8167
8171
8181
8214
8216
8222
8224
8234
8237
8241
8244
8250
8259
8264
8267
8272
8273
8277
8290
8296
8298
8299
8305
8315
8323
8326
8336
8340
8342
8343
8359
8369
8379
8384
8387
8391
8407
8408
8417
8421
8422
8423
8427
8428
8429
8433
8434
8436
8439
8440
8441
8469
8474
8480
8486
8494
8499
8504
8506
8507
8516
8523
8524
8527
8537
8538
8550
8553
8560
8561
8562
8566
8574
8589
8590
8591
8596
8597
8608
8614
8618
8621
8624
8631
8632
8643
8644
8645
8652
8654
8656
8666
8675
8680
8682
8697
8698
8700
8701
8704
8705
8709
8713
8714
8722
8723
8741
8748
8751
8756
8768
8773
8792
8793
8804
8807
8812
8815
8819
8821
8822
8823
8824
8825
8839
8842
8843
8848
8852
8860
8865
8866
8869
8872
8877
8883
8895
8901
8903
8904
8905
8908
8920
8922
8927
8929
8944
8946
8952
8955
8978
8981
8985
8987
8988
9001
9002
9005
9012
9013
9017
9020
9023
9034
9040
9047
9048
9050
9056
9065
9068
9073
9075
9079
9086
9095
9096
9115
9120
9122
9125
9126
9130
9131
9137
9151
9154
9155
9156
9166
9168
9170
9192
9195
9203
9217
9221
9243
9249
9255
9264
9270
9271
9274
9275
9278
9282
9288
9292
9294
9301
9309
9312
9316
9333
9359
9360
9373
9388
9390
9394
9396
9398
9401
9411
9413
9414
9416
9434
9439
9445
9448
9450
9456
9475
9476
9481
9487
9492
9498
9500
9502
9505
9511
9525
9530
9543
9545
9553
9569
9571
9589
9591
9596
9600
9602
9604
9606
9608
9612
9616
9622
9624
9630
9637
9639
9642
9659
9675
9681
9707
9710
9714
9716
9718
9719
9729
9730
9735
9740
9749
9751
9752
9756
9764
9767
9769
9770
9773
9782
9788
9791
9793
9800
9812
9814
9816
9818
9819
9821
9824
9844
9851
9857
9861
9862
9863
9868
9874
9879
9880
9885
9886
9887
9893
9897
9900
9901
9916
9920
9924
9935
9936
9942
9944
9950
9954
9956
9957
9958
9962
9976
9981
9982
9999
10004
10021
10022
10026
10039
10041
10047
10051
10062
10064
10071
10094
10097
10101
10102
10103
10109
10116
10123
10124
10126
10134
10140
10145
10148
10170
10174
10175
10187
10197
10199
10206
10209
10210
10215
10216
10220
10235
10237
10242
10245
10252
10254
10260
10271
10272
10293
10301
10304
10307
10308
10310
10314
10320
10325
10335
10345
10351
10353
10354
10355
10374
10388
10391
10396
10397
10404
10405
10406
10409
10416
10423
10428
10429
10438
10452
10456
10457
10489
10502
10505
10507
10511
10540
10549
10550
10555
10564
10570
10582
10583
10584
10586
10607
10610
10633
10635
10639
10646
10655
10665
10669
10671
10679
10681
10689
10694
10699
10704
10710
10719
10721
10724
10734
10736
10740
10752
10753
10754
10755
10756
10765
10790
10793
10798
10799
10806
10816
10818
10822
10842
10845
10853
10856
10861
10871
10874
10876
10877
10892
10893
10897
10903
10913
10918
10924
10927
10934
10936
10943
10950
10953
10964
10968
10969
10979
10983
10984
10990
10991
10999
11008
11017
11019
11022
11031
11035
11039
11041
11060
11061
11067
11080
11081
11083
11091
11093
11105
11113
11118
11119
11122
11131
11133
11138
11143
11147
11148
11149
11150
11165
11175
11185
11194
11202
11203
11208
11213
11224
11229
11230
11238
11245
11246
11254
11258
11261
11271
11272
11284
11292
11294
11296
11301
11324
11330
11337
11346
11348
11352
11354
11355
11356
11359
11367
11382
11388
11395
11402
11404
11407
11414
11423
11428
11430
11431
11451
11453
11457
11460
11476
11481
11491
11492
11518
11531
11539
11540
11541
11551
11554
11556
11558
11561
11573
11575
11579
11598
11601
11604
11607
11612
11617
11632
11638
11640
11647
11655
11663
11668
11669
11672
11679
11682
11690
11691
11692
11698
11699
11701
11705
11708
11709
11711
11712
11715
11729
11739
11742
11744
11758
11760
11765
11769
11774
11777
11781
11786
11799
11804
11805
11806
11807
11808
11809
11820
11821
11825
11828
11841
11842
11854
11861
11867
11882
11901
11902
11918
11920
11926
11934
11939
11941
11947
11948
11949
11951
11967
11968
11969
11971
11983
11989
11993
11995
11998
11999
12000
12005
12012
12015
12016
12018
12019
12028
12031
12035
12047
12048
12049
12053
12061
12064
12066
12070
12072
12073
12075
12080
12086
12095
12100
12103
12114
12117
12118
12120
12122
12136
12138
12144
12145
12150
12151
12155
12157
12159
12160
12162
12164
12165
12166
12169
12174
12178
12188
12189
12191
12192
12202
12206
12216
12232
12237
12238
12246
12257
12259
12264
12272
12273
12277
12298
12299
12307
12315
12324
12326
12328
12337
12339
12350
12355
12359
12361
12377
12378
12385
12393
12402
12415
12417
12419
12425
12435
12437
12439
12444
12449
12450
12452
12455
12459
12460
12467
12470
12476
12497
12498
12501
12507
12509
12512
12519
12522
12523
12530
12532
12534
12535
12544
12548
12551
12559
12572
12574
12581
12590
12597
12603
12606
12615
12620
12632
12637
12639
12643
12644
12647
12650
12696
12702
12711
12714
12717
12723
12727
12734
12735
12736
12754
12759
12761
12762
12765
12770
12772
12786
12804
12806
12809
12824
12828
12829
12831
12834
12841
12845
12848
12855
12858
12863
12864
12871
12875
12882
12883
12884
12886
12892
12896
12898
12908
12911
12915
12916
12920
12923
12925
12927
12929
12941
12947
12950
12952
12962
12963
12984
12986
12991
12992
12993
12998
13005
13007
13012
13015
13018
13021
13024
13026
13030
13033
13037
13044
13049
13061
13072
13073
13078
13086
13089
13092
13096
13110
13118
13123
13130
13141
13143
13151
13164
13170
13173
13177
13183
13186
13189
13208
13211
13218
13222
13225
13231
13239
13241
13244
13245
13255
13258
13270
13271
13273
13274
13276
13291
13293
13308
13316
13320
13332
13340
13341
13342
13344
13345
13352
13355
13363
13364
13373
13375
13400
13410
13415
13421
13424
13443
13444
13453
13454
13470
13474
13475
13508
13510
13512
13514
13515
13518
13522
13523
13534
13549
13553
13555
13566
13568
13570
13573
13576
13582
13584
13586
13596
13601
13606
13609
13610
13611
13621
13627
13634
13638
13639
13641
13644
13649
13653
13656
13669
13686
13694
13697
13702
13704
13708
13713
13715
13716
13721
13724
13728
13729
13734
13743
13746
13747
13749
13751
13754
13762
13763
13765
13766
13769
13775
13788
13793
13795
13796
13817
13819
13832
13833
13843
13844
13845
13846
13849
13850
13855
13857
13864
13874
13895
13898
13911
13912
13914
13917
13920
13928
13936
13945
13951
13952
13955
13961
13962
13964
13967
13969
13970
13972
13974
13976
13981
13983
13992
13998
14004
14005
14008
14010
14017
14018
14020
14031
14040
14043
14045
14047
14050
14059
14063
14070
14072
14073
14077
14088
14092
14098
14099
14102
14116
14119
14122
14126
14135
14142
14145
14146
14152
14158
14163
14168
14174
14175
14178
14183
14185
14187
14191
14198
14206
14219
14229
14234
14240
14244
14248
14256
14259
14274
14279
14280
14300
14303
14310
14311
14316
14317
14320
14330
14331
14346
14349
14361
14365
14370
14384
14390
14394
14399
14401
14402
14408
14411
14412
14414
14415
14422
14427
14431
14436
14449
14458
14459
14477
14484
14487
14494
14497
14499
14520
14522
14525
14533
14543
14555
14563
14565
14568
14569
14592
14593
14595
14603
14605
14616
14618
14629
14634
14635
14638
14652
14657
14662
14670
14671
14679
14687
14690
14691
14693
14704
14706
14713
14715
14722
14724
14725
14734
14736
14740
14744
14748
14757
14763
14768
14773
14777
14781
14788
14789
14791
14792
14793
14797
14805
14807
14810
14813
14814
14822
14823
14825
14826
14829
14832
14834
14836
14837
14840
14849
14859
14861
14869
14872
14874
14880
14882
14884
14888
14893
14895
14896
14904
14912
14914
14922
14923
14942
14945
14947
14948
14949
14952
14953
14962
14964
14965
14967
14972
14980
14992
14998
15008
15018
15028
15030
15039
15042
15047
15054
15055
15056
15059
15063
15082
15084
15086
15090
15096
15098
15109
15135
15153
15158
15160
15170
15175
15176
15177
15189
15190
15197
15208
15215
15219
15224
15227
15229
15232
15239
15257
15266
15274
15275
15281
15284
15287
15292
15303
15310
15311
15315
15316
15326
15327
15333
15342
15343
15344
15352
15356
15367
15371
15375
15378
15383
15395
15402
15411
15417
15418
15422
15424
15433
15476
15479
15480
15482
15487
15488
15490
15495
15507
15508
15513
15516
15519
15527
15532
15540
15546
15552
15573
15577
15584
15585
15586
15587
15596
15598
15607
15620
15621
15626
15628
15641
15642
15645
15647
15649
15652
15653
15662
15666
15668
15695
15709
15716
15717
15724
15727
15729
15753
15754
15759
15764
15765
15776
15781
15802
15809
15811
15824
15825
15827
15830
15835
15840
15849
15852
15855
15856
15858
15865
15877
15882
15884
15896
15900
15903
15911
15915
15919
15923
15925
15926
15933
15934
15936
15949
15959
15965
15966
15971
15975
15992
15993
15996
16005
16006
16011
16013
16014
16015
16023
16024
16028
16034
16047
16060
16070
16073
16083
16086
16090
16094
16117
16118
16119
16120
16123
16127
16128
16133
16143
16147
16158
16167
16170
16173
16176
16179
16180
16181
16185
16192
16196
16205
16206
16208
16220
16222
16223
16224
16228
16229
16235
16243
16246
16250
16254
16260
16262
16265
16269
16285
16286
16290
16298
16307
16310
16311
16317
16326
16327
16331
16332
16333
16349
16352
16354
16356
16357
16363
16367
16373
16379
16382
16386
16388
16409
16415
16424
16442
16449
16454
16458
16466
16480
16481
16495
16497
16498
16508
16510
16514
16525
16527
16531
16533
16537
16539
16556
16561
16563
16570
16578
16583
16609
16611
16613
16620
16623
16628
16629
16640
16646
16651
16652
16654
16656
16658
16664
16666
16669
16671
16676
16697
16701
16716
16725
16728
16732
16748
16750
16755
16756
16757
16759
16762
16764
16768
16772
16775
16795
16797
16806
16810
16813
16815
16818
16827
16831
16833
16836
16840
16842
16844
16847
16850
16855
16863
16870
16876
16878
16880
16881
16887
16896
16898
16905
16913
16915
16918
16922
16923
16929
16933
16936
16939
16943
16945
16948
16960
16961
16962
16982
16988
16989
16990
16999
17000
17014
17015
17016
17022
17029
17032
17033
17034
17036
17039
17049
17052
17054
17058
17066
17070
17071
17072
17073
17075
17077
17078
17079
17081
17089
17090
17096
17099
17100
17103
17105
17113
17115
17116
17119
17120
17125
17133
17137
17139
17145
17147
17152
17159
17167
17168
17176
17192
17193
17214
17229
17246
17257
17265
17271
17273
17281
17282
17283
17287
17298
17300
17302
17309
17314
17315
17328
17334
17335
17340
17341
17342
17350
17352
17362
17374
17378
17379
17387
17390
17391
17393
17397
17398
17401
17403
17407
17410
17415
17428
17434
17438
17451
17456
17457
17458
17470
17475
17484
17486
17487
17495
17498
17499
17501
17511
17512
17517
17521
17529
17530
17540
17542
17551
17552
17555
17558
17577
17580
17582
17587
17598
17608
17610
17615
17622
17626
17633
17636
17641
17646
17651
17656
17663
17668
17673
17677
17684
17687
17702
17705
17706
17707
17715
17720
17727
17728
17731
17746
17772
17773
17778
17798
17799
17805
17813
17826
17827
17836
17841
17844
17867
17868
17869
17870
17876
17879
17890
17891
17898
17899
17902
17912
17916
17919
17928
17934
17936
17944
17954
17966
17968
17988
17989
17994
17997
18007
18018
18019
18032
18036
18040
18052
18064
18071
18075
18076
18079
18086
18087
18091
18096
18098
18099
18100
18101
18103
18111
18118
18122
18123
18129
18132
18135
18136
18137
18138
18143
18165
18176
18178
18184
18189
18193
18195
18197
18228
18229
18232
18238
18239
18245
18248
18251
18255
18260
18262
18264
18268
18271
18275
18286
18290
18297
18307
18312
18320
18327
18334
18342
18345
18351
18356
18363
18370
18374
18377
18379
18382
18385
18389
18390
18392
18393
18396
18398
18399
18404
18405
18415
18417
18420
18427
18429
18433
18438
18452
18463
18468
18482
18495
18504
18512
18514
18519
18526
18542
18549
18556
18565
18569
18572
18579
18584
18585
18595
18604
18615
18625
18629
18630
18639
18644
18652
18655
18656
18659
18660
18661
18662
18665
18672
18679
18693
18702
18706
18708
18709
18711
18720
18725
18729
18740
18761
18762
18764
18769
18772
18779
18784
18785
18792
18806
18812
18820
18834
18855
18857
18865
18875
18885
18887
18903
18911
18922
18923
18927
18943
18944
18950
18954
18955
18957
18962
18963
18977
18982
19003
19006
19013
19017
19021
19027
19030
19033
19034
19035
19038
19040
19045
19047
19051
19053
19056
19057
19064
19065
19073
19074
19077
19080
19082
19087
19096
19101
19105
19114
19115
19120
19131
19132
19135
19140
19142
19145
19147
19153
19154
19164
19168
19174
19176
19183
19186
19192
19200
19203
19206
19208
19216
19224
19234
19237
19239
19248
19250
19253
19258
19259
19264
19266
19288
19306
19310
19311
19313
19320
19325
19330
19339
19355
19356
19357
19359
19360
19375
19380
19389
19396
19397
19404
19423
19424
19425
19429
19435
19436
19440
19449
19458
19459
19464
19465
19473
19474
19485
19490
19492
19507
19512
19514
19519
19527
19528
19530
19534
19537
19539
19541
19547
19552
19557
19560
19564
19570
19571
19579
19587
19593
19600
19602
19605
19613
19620
19627
19630
19631
19632
19638
19640
19643
19646
19650
19653
19655
19677
19678
19683
19686
19690
19696
19698
19699
19701
19714
19724
19733
19755
19757
19769
19771
19772
19776
19780
19785
19786
19795
19800
19803
19818
19833
19834
19838
19842
19845
19849
19856
19861
19866
19870
19874
19882
19889
19895
19900
19903
19905
19907
19915
19923
19924
19928
19931
19933
19951
19964
19973
19988
19993
19997
19998
20001
20003
20005
20009
20017
20038
20057
20058
20097
20102
20106
20109
20111
20112
20116
20119
20122
20123
20125
20133
20135
20136
20139
20146
20152
20156
20158
20161
20162
20164
20165
20170
20185
20205
20221
20222
20228
20229
20242
20267
20270
20273
20278
20282
20289
20293
20294
20295
20307
20309
20320
20323
20325
20340
20347
20357
20359
20361
20382
20386
20387
20389
20393
20405
20408
20421
20425
20431
20432
20433
20435
20441
20449
20459
20462
20464
20472
20477
20482
20494
20500
20509
20516
20520
20528
20529
20530
20538
20543
20545
20547
20565
20572
20584
20590
20592
20596
20606
20607
20608
20613
20614
20616
20618
20625
20629
20647
20657
20665
20669
20671
20672
20679
20683
20690
20692
20696
20714
20721
20723
20728
20729
20730
20736
20740
20747
20752
20754
20761
20762
20763
20772
20773
20781
20786
20787
20789
20819
20825
20834
20853
20856
20857
20858
20861
20871
20872
20875
20880
20888
20890
20896
20897
20902
20905
20906
20908
20920
20933
20935
20936
20947
20949
20956
20957
20959
20971
20973
20978
20989
20990
20996
20999
21013
21014
21019
21021
21025
21029
21034
21040
21041
21043
21055
21063
21069
21086
21088
21095
21108
21114
21123
21126
21128
21129
21140
21141
21147
21159
21173
21179
21182
21186
21187
21194
21199
21201
21202
21207
21208
21210
21212
21213
21216
21218
21220
21225
21227
21228
21240
21247
21250
21253
21255
21256
21273
21278
21279
21282
21293
21294
21311
21324
21332
21339
21347
21354
21362
21364
21366
21375
21379
21381
21394
21396
21397
21404
21406
21410
21417
21421
21423
21433
21437
21440
21441
21442
21443
21448
21457
21476
21490
21495
21499
21504
21510
21511
21515
21536
21539
21541
21542
21543
21546
21554
21564
21565
21566
21571
21572
21573
21579
21581
21589
21592
21593
21595
21600
21609
21612
21619
21622
21635
21644
21653
21656
21676
21682
21690
21703
21709
21711
21713
21721
21726
21727
21729
21730
21731
21734
21735
21739
21743
21744
21776
21777
21779
21808
21811
21816
21819
21828
21832
21836
21837
21840
21843
21855
21857
21863
21864
21871
21876
21883
21885
21915
21916
21932
21933
21934
21948
21953
21956
21958
21961
21986
21992
21997
22000
22006
22007
22011
22026
22036
22042
22045
22046
22048
22050
22052
22056
22058
22063
22064
22067
22078
22090
22093
22100
22101
22106
22123
22130
22131
22138
22155
22160
22161
22176
22181
22184
22188
22189
22191
22194
22203
22204
22207
22212
22214
22222
22226
22234
22235
22241
22246
22249
22252
22257
22270
22272
22273
22277
22285
22286
22288
22292
22296
22298
22300
22302
22304
22305
22309
22310
22312
22314
22319
22320
22328
22331
22335
22339
22347
22354
22368
22376
22380
22384
22399
22400
22408
22410
22414
22420
22427
22428
22429
22444
22452
22465
22472
22482
22493
22513
22514
22516
22518
22524
22538
22539
22540
22542
22545
22557
22560
22567
22571
22579
22585
22590
22594
22602
22614
22615
22618
22625
22627
22629
22633
22635
22648
22654
22656
22662
22666
22667
22670
22674
22689
22691
22693
22694
22705
22706
22710
22713
22717
22727
22728
22736
22738
22747
22757
22764
22766
22769
22778
22783
22785
22800
22811
22817
22819
22825
22826
22828
22829
22831
22850
22853
22854
22858
22865
22867
22871
22876
22886
22896
22897
22901
22903
22904
22907
22909
22915
22917
22924
22937
22941
22942
22945
22948
22952
22956
22961
22971
22972
22973
22975
22980
22985
22988
22992
22996
22997
22999
23000
23002
23013
23016
23028
23042
23051
23052
23055
23056
23058
23064
23067
23068
23074
23081
23082
23095
23096
23100
23113
23119
23122
23124
23136
23142
23144
23163
23166
23169
23172
23174
23177
23178
23197
23205
23219
23224
23229
23230
23238
23243
23250
23254
23256
23264
23268
23281
23288
23290
23291
23294
23297
23299
23309
23314
23316
23318
23323
23324
23326
23327
23328
23330
23332
23333
23342
23344
23345
23348
23359
23367
23368
23371
23374
23389
23391
23395
23397
23398
23403
23408
23413
23430
23437
23442
23449
23451
23452
23456
23459
23460
23462
23467
23471
23473
23479
23491
23495
23504
23505
23520
23522
23524
23531
23535
23542
23543
23548
23556
23557
23562
23563
23567
23568
23572
23577
23588
23590
23597
23602
23612
23621
23627
23647
23652
23655
23658
23659
23676
23680
23681
23684
23688
23696
23714
23746
23755
23758
23771
23774
23780
23781
23782
23784
23800
23808
23811
23812
23817
23824
23826
23829
23832
23836
23840
23844
23850
23852
23861
23872
23882
23903
23916
23929
23936
23949
23957
23962
23965
23968
23971
23972
23981
23984
23986
23992
23993
24007
24010
24013
24017
24024
24026
24029
24032
24047
24049
24053
24059
24071
24099
24102
24116
24121
24124
24126
24134
24140
24142
24146
24155
24157
24158
24174
24182
24195
24203
24209
24210
24211
24217
24218
24221
24228
24230
24233
24234
24254
24268
24270
24275
24308
24313
24334
24335
24342
24344
24347
24353
24354
24355
24358
24364
24367
24371
24378
24385
24394
24398
24399
24404
24406
24411
24416
24421
24423
24428
24444
24451
24469
24481
24484
24486
24487
24491
24497
24509
24511
24529
24531
24532
24533
24537
24544
24546
24549
24551
24559
24562
24571
24575
24580
24589
24590
24596
24599
24604
24606
24608
24610
24619
24624
24626
24648
24650
24651
24656
24663
24665
24669
24691
24693
24695
24706
24717
24722
24727
24730
24732
24737
24739
24743
24750
24752
24762
24783
24793
24800
24804
24819
24839
24844
24845
24854
24859
24866
24876
24898
24905
24910
24912
24913
24925
24930
24933
24936
24940
24942
24947
24956
24957
24958
24959
24961
24963
24972
24978
24982
24986
24991
24992
24995
25007
25008
25012
25021
25044
25048
25050
25054
25058
25062
25074
25076
25083
25089
25092
25100
25116
25118
25123
25124
25127
25133
25138
25141
25143
25151
25155
25156
25163
25170
25171
25175
25189
25192
25196
25203
25212
25222
25225
25235
25255
25262
25273
25277
25288
25309
25310
25311
25335
25355
25359
25360
25365
25384
25388
25390
25397
25405
25407
25410
25412
25417
25423
25432
25436
25440
25444
25459
25469
25474
25475
25478
25480
25482
25484
25491
25495
25500
25501
25505
25506
25510
25514
25533
25536
25541
25543
25558
25561
25564
25565
25566
25569
25579
25584
25588
25594
25599
25610
25612
25619
25620
25622
25628
25637
25645
25646
25647
25648
25652
25654
25661
25668
25678
25682
25688
25693
25707
25714
25718
25725
25727
25737
25742
25743
25750
25764
25769
25770
25782
25787
25805
25806
25813
25815
25817
25818
25822
25830
25840
25841
25849
25867
25872
25876
25888
25890
25895
25896
25897
25902
25909
25915
25928
25930
25931
25933
25936
25939
25942
25947
25949
25950
25965
25966
25967
25978
25989
26003
26004
26009
26016
26017
26028
26029
26030
26036
26037
26042
26044
26050
26051
26053
26070
26076
26084
26085
26091
26097
26099
26120
26129
26142
26143
26144
26147
26151
26156
26159
26161
26179
26184
26187
26189
26190
26194
26210
26216
26217
26222
26224
26225
26229
26234
26235
26241
26243
26247
26249
26250
26256
26261
26264
26268
26288
26292
26295
26296
26297
26307
26321
26346
26349
26354
26358
26369
26374
26376
26384
26385
26390
26392
26395
26396
26411
26417
26419
26422
26423
26424
26432
26433
26434
26438
26455
26462
26473
26479
26483
26511
26515
26518
26522
26529
26536
26538
26543
26545
26562
26576
26582
26584
26594
26601
26602
26604
26609
26612
26613
26615
26617
26625
26629
26632
26635
26636
26638
26646
26647
26651
26661
26663
26664
26677
26684
26691
26694
26695
26703
26707
26710
26712
26714
26717
26719
26720
26732
26734
26735
26738
26741
26743
26744
26746
26755
26758
26763
26764
26770
26775
26777
26781
26790
26800
26807
26812
26817
26819
26821
26823
26833
26841
26855
26858
26866
26873
26884
26885
26894
26912
26914
26918
26921
26924
26929
26932
26935
26940
26941
26948
26950
26953
26956
26959
26970
26973
26975
26978
26979
26987
27024
27037
27039
27044
27052
27059
27060
27061
27069
27076
27090
27102
27109
27118
27122
27126
27127
27128
27132
27139
27145
27164
27172
27181
27185
27186
27188
27193
27196
27202
27203
27212
27221
27229
27234
27237
27239
27241
27244
27245
27246
27248
27252
27260
27262
27263
27267
27269
27272
27281
27289
27292
27299
27306
27313
27322
27330
27338
27343
27344
27348
27356
27361
27368
27373
27381
27392
27403
27407
27417
27419
27420
27421
27437
27452
27455
27460
27463
27481
27494
27502
27505
27508
27510
27515
27519
27543
27544
27548
27549
27550
27554
27558
27561
27563
27578
27590
27593
27601
27616
27617
27629
27638
27653
27654
27656
27657
27662
27666
27667
27674
27681
27683
27699
27721
27726
27745
27748
27755
27761
27764
27765
27770
27774
27778
27780
27782
27786
27788
27793
27806
27807
27812
27813
27819
27822
27823
27825
27828
27834
27843
27854
27856
27859
27866
27870
27875
27884
27889
27892
27895
27897
27898
27902
27903
27912
27915
27920
27932
27941
27944
27949
27954
27960
27973
27981
27983
27992
28006
28010
28014
28023
28025
28027
28031
28035
28036
28038
28039
28040
28045
28046
28050
28055
28057
28060
28063
28064
28072
28073
28076
28080
28087
28088
28102
28107
28118
28119
28120
28129
28130
28137
28143
28145
28150
28155
28161
28164
28172
28173
28174
28176
28178
28179
28183
28189
28198
28209
28213
28215
28221
28223
28224
28226
28227
28235
28237
28240
28242
28244
28250
28259
28265
28266
28267
28268
28284
28286
28288
28290
28291
28292
28296
28297
28306
28313
28314
28316
28324
28328
28333
28335
28336
28338
28349
28353
28357
28359
28360
28366
28368
28369
28370
28384
28386
28388
28401
28406
28410
28416
28419
28423
28432
28436
28440
28446
28452
28462
28465
28472
28477
28478
28483
28488
28492
28501
28509
28511
28519
28521
28538
28563
28566
28586
28588
28590
28591
28618
28620
28623
28627
28645
28646
28649
28650
28657
28670
28672
28675
28697
28698
28703
28717
28718
28719
28728
28733
28736
28746
28752
28761
28764
28767
28768
28772
28775
28777
28780
28783
28788
28794
28803
28812
28817
28828
28829
28833
28838
28839
28843
28850
28855
28865
28869
28870
28892
28902
28906
28911
28917
28918
28931
28940
28944
28947
28952
28958
28961
28967
28974
28976
28981
28982
28986
28987
28993
29000
29011
29012
29015
29018
29030
29042
29050
29057
29058
29060
29064
29071
29078
29081
29084
29092
29096
29103
29113
29114
29122
29127
29134
29136
29153
29159
29167
29172
29178
29185
29190
29200
29210
29213
29217
29222
29237
29238
29242
29244
29245
29248
29251
29255
29260
29268
29273
29276
29287
29290
29297
29300
29301
29304
29305
29307
29332
29333
29335
29337
29340
29344
29346
29347
29350
29353
29357
29359
29364
29373
29377
29382
29390
29392
29394
29398
29408
29410
29412
29420
29424
29436
29448
29449
29452
29453
29454
29455
29477
29479
29484
29489
29497
29507
29517
29527
29531
29540
29553
29554
29566
29574
29576
29579
29584
29586
29591
29607
29611
29614
29615
29621
29622
29633
29640
29645
29647
29651
29654
29656
29662
29671
29674
29675
29677
29688
29703
29713
29715
29721
29725
29728
29729
29743
29748
29757
29761
29765
29775
29778
29782
29788
29791
29793
29799
29802
29803
29812
29814
29819
29824
29837
29842
29843
29845
29852
29862
29871
29876
29887
29890
29904
29905
29930
29931
29934
29938
29942
29948
29958
29961
29972
29975
29976
29977
29980
29981
29986
30001
30002
30003
30004
30008
30019
30025
30049
30054
30057
30065
30067
30068
30076
30078
30081
30086
30097
30098
30100
30119
30130
30148
30152
30155
30160
30168
30172
30181
30185
30190
30192
30200
30210
30211
30213
30214
30215
30226
30228
30230
30238
30250
30253
30255
30256
30275
30283
30288
30291
30301
30312
30320
30321
30327
30328
30329
30331
30332
30334
30338
30339
30340
30347
30370
30372
30374
30377
30382
30392
30406
30412
30425
30436
30442
30444
30452
30456
30459
30467
30470
30483
30492
30493
30509
30527
30528
30532
30533
30539
30549
30554
30568
30579
30583
30606
30609
30610
30613
30614
30628
30629
30636
30638
30639
30641
30652
30654
30661
30686
30697
30699
30714
30727
30728
30730
30738
30742
30750
30753
30758
30760
30777
30781
30786
30788
30790
30792
30793
30807
30827
30829
30833
30838
30853
30854
30855
30858
30859
30860
30867
30876
30879
30885
30887
30893
30896
30901
30902
30909
30914
30918
30920
30922
30925
30926
30929
30939
30941
30943
30950
30953
30957
30971
30974
30987
30989
30990
30992
30998
31003
31005
31010
31022
31023
31032
31035
31038
31041
31045
31049
31050
31071
31075
31076
31081
31082
31085
31097
31101
31103
31111
31112
31114
31117
31119
31121
31124
31130
31132
31142
31162
31172
31174
31178
31179
31191
31201
31202
31204
31206
31226
31238
31239
31241
31250
31256
31258
31261
31264
31266
31267
31268
31278
31279
31282
31283
31285
31289
31290
31291
31293
31316
31336
31339
31342
31353
31362
31363
31385
31390
31398
31399
31401
31404
31407
31410
31412
31413
31421
31435
31446
31450
31466
31468
31476
31478
31486
31489
31491
31499
31501
31506
31507
31508
31518
31523
31524
31530
31533
31535
31543
31547
31549
31550
31552
31555
31559
31573
31574
31580
31585
31593
31603
31609
31611
31620
31625
31627
31635
31646
31648
31662
31666
31667
31675
31680
31684
31685
31690
31702
31707
31708
31713
31715
31720
31721
31732
31740
31741
31742
31745
31747
31750
31766
31769
31777
31783
31789
31791
31792
31800
31803
31806
31808
31827
31835
31836
31843
31847
31848
31854
31859
31864
31866
31867
31868
31869
31870
31871
31875
31882
31884
31885
31890
31891
31905
31906
31908
31918
31926
31927
31939
31943
31949
31951
31955
31973
31979
31980
31987
32004
32011
32014
32015
32019
32020
32028
32037
32053
32058
32062
32064
32065
32075
32091
32094
32106
32108
32112
32113
32125
32131
32138
32141
32142
32159
32169
32177
32181
32182
32189
32190
32191
32193
32202
32204
32207
32208
32218
32220
32221
32224
32228
32235
32236
32238
32239
32245
32247
32249
32260
32265
32268
32269
32273
32278
32286
32293
32294
32296
32298
32308
32314
32315
32319
32322
32323
32338
32340
32341
32343
32350
32352
32354
32355
32367
32369
32377
32386
32387
32393
32394
32399
32409
32412
32418
32420
32425
32428
32438
32440
32446
32449
32453
32466
32472
32480
32481
32486
32494
32496
32509
32511
32513
32516
32526
32532
32534
32538
32539
32546
32547
32549
32553
32555
32558
32562
32566
32583
32592
32595
32602
32606
32613
32623
32626
32630
32639
32644
32645
32659
32664
32672
32697
32698
32701
32702
32706
32708
32712
32720
32723
32725
32727
32728
32732
32739
32740
32747
32759
32772
32773
32775
32777
32780
32793
32794
32806
32807
32815
32817
32818
32827
32836
32837
32844
32849
32858
32866
32868
32870
32872
32880
32881
32887
32889
32902
32909
32912
32923
32928
32945
32953
32954
32961
32971
32984
32992
32999
33001
33014
33026
33035
33038
33039
33045
33063
33079
33081
33088
33091
33092
33097
33098
33099
33106
33110
33112
33117
33119
33127
33132
33141
33148
33151
33152
33155
33163
33172
33183
33187
33196
33203
33205
33213
33216
33217
33230
33236
33237
33253
33255
33256
33257
33265
33285
33290
33304
33306
33307
33314
33320
33326
33328
33338
33356
33359
33371
33375
33376
33392
33399
33400
33403
33405
33415
33417
33425
33427
33429
33437
33438
33440
33443
33446
33456
33462
33482
33487
33488
33489
33494
33516
33518
33523
33525
33528
33531
33532
33535
33540
33544
33548
33552
33556
33558
33566
33568
33578
33579
33583
33587
33596
33600
33601
33612
33613
33617
33623
33624
33625
33626
33629
33643
33648
33655
33661
33665
33672
33677
33678
33692
33696
33699
33702
33722
33727
33734
33735
33740
33741
33744
33747
33752
33757
33758
33759
33761
33770
33773
33776
33777
33779
33780
33788
33789
33808
33814
33825
33828
33831
33834
33838
33842
33843
33859
33865
33873
33874
33877
33881
33882
33898
33899
33904
33909
33915
33916
33919
33923
33928
33931
33935
33943
33945
33952
33959
33964
33970
33980
33983
34001
34003
34005
34008
34010
34012
34020
34045
34049
34053
34057
34072
34082
34093
34099
34102
34109
34113
34115
34119
34121
34124
34133
34138
34146
34147
34148
34156
34166
34171
34180
34182
34183
34185
34186
34192
34195
34197
34198
34201
34204
34219
34225
34228
34240
34244
34260
34261
34266
34272
34280
34282
34283
34290
34292
34302
34304
34312
34323
34324
34332
34334
34335
34340
34354
34363
34367
34368
34369
34374
34380
34416
34431
34433
34439
34470
34478
34486
34492
34494
34497
34502
34504
34506
34518
34522
34543
34544
34546
34547
34548
34572
34576
34579
34589
34595
34610
34626
34630
34631
34633
34636
34638
34644
34658
34671
34675
34680
34681
34702
34705
34711
34713
34714
34724
34728
34734
34736
34742
34749
34761
34769
34772
34773
34784
34788
34792
34814
34815
34822
34825
34827
34828
34831
34835
34842
34857
34862
34866
34867
34882
34883
34884
34885
34886
34893
34894
34898
34900
34902
34910
34914
34915
34924
34930
34932
34933
34943
34947
34963
34965
34968
34969
34981
34982
34983
34984
34985
34994
34996
35000
35014
35029
35036
35037
35038
35039
35040
35042
35045
35050
35052
35053
35055
35058
35059
35062
35067
35085
35090
35103
35106
35115
35116
35120
35123
35124
35126
35128
35147
35157
35162
35163
35164
35167
35168
35175
35176
35185
35186
35187
35194
35197
35203
35204
35205
35210
35211
35219
35220
35225
35236
35237
35245
35248
35255
35256
35259
35268
35269
35270
35279
35280
35281
35283
35287
35295
35298
35305
35310
35316
35327
35329
35342
35345
35347
35354
35355
35368
35378
35382
35384
35392
35398
35403
35404
35405
35406
35408
35409
35418
35420
35426
35429
35448
35453
35465
35474
35477
35489
35495
35498
35507
35528
35530
35536
35537
35544
35551
35565
35581
35583
35586
35588
35594
35604
35606
35609
35613
35615
35627
35650
35651
35658
35670
35676
35683
35698
35700
35704
35705
35712
35718
35719
35726
35727
35732
35735
35749
35755
35759
35761
35767
35771
35772
35778
35781
35811
35816
35819
35831
35840
35841
35843
35851
35855
35856
35858
35859
35860
35865
35871
35875
35882
35884
35885
35898
35903
35912
35913
35916
35919
35920
35922
35924
35930
35936
35944
35945
35950
35951
35957
35968
35973
35976
35978
35980
35988
35991
35994
36001
36007
36008
36015
36016
36017
36022
36026
36034
36038
36042
36053
36056
36058
36081
36104
36108
36110
36113
36114
36115
36121
36127
36134
36135
36140
36142
36152
36155
36161
36164
36185
36199
36204
36217
36220
36221
36227
36233
36238
36249
36251
36253
36257
36259
36268
36270
36276
36277
36294
36306
36311
36314
36317
36318
36326
36329
36331
36334
36335
36340
36350
36351
36354
36355
36361
36363
36364
36370
36380
36386
36396
36398
36405
36408
36410
36418
36419
36449
36453
36454
36456
36460
36466
36488
36489
36519
36521
36525
36533
36537
36540
36542
36546
36548
36560
36561
36566
36573
36578
36581
36583
36585
36595
36599
36602
36610
36612
36618
36621
36623
36626
36629
36638
36641
36642
36645
36646
36653
36665
36672
36674
36676
36691
36692
36703
36708
36711
36715
36717
36719
36727
36736
36737
36739
36745
36746
36756
36758
36763
36769
36770
36780
36782
36784
36785
36786
36787
36815
36816
36820
36844
36853
36865
36866
36871
36873
36878
36884
36887
36888
36889
36891
36895
36897
36899
36902
36907
36911
36919
36925
36931
36933
36943
36956
36964
36970
36977
36980
36982
36984
36989
36997
37007
37008
37013
37018
37020
37021
37022
37031
37032
37049
37052
37054
37059
37063
37064
37066
37081
37083
37084
37085
37097
37111
37116
37124
37128
37131
37135
37136
37140
37145
37147
37149
37150
37151
37154
37161
37168
37177
37184
37189
37191
37198
37199
37200
37203
37209
37218
37228
37231
37232
37233
37235
37254
37255
37259
37270
37271
37283
37284
37287
37289
37300
37308
37327
37335
37347
37351
37355
37357
37360
37373
37379
37383
37384
37385
37389
37402
37411
37424
37429
37430
37442
37444
37448
37454
37455
37456
37457
37464
37477
37486
37492
37500
37510
37511
37514
37515
37518
37526
37530
37535
37539
37541
37543
37545
37546
37552
37555
37557
37558
37563
37572
37577
37596
37606
37609
37613
37616
37617
37624
37626
37628
37630
37632
37640
37660
37666
37677
37683
37685
37693
37695
37722
37729
37731
37736
37741
37747
37755
37757
37758
37767
37768
37773
37783
37807
37812
37817
37818
37824
37853
37855
37856
37857
37863
37877
37878
37880
37883
37885
37893
37896
37901
37902
37910
37911
37923
37930
37933
37936
37939
37943
37952
37955
37961
37966
37975
37981
37983
37998
37999
38003
38005
38006
38016
38021
38023
38030
38038
38047
38051
38054
38055
38057
38063
38069
38072
38074
38075
38080
38090
38094
38096
38102
38107
38110
38114
38125
38130
38139
38147
38149
38161
38169
38173
38174
38179
38185
38186
38191
38204
38219
38222
38223
38234
38243
38250
38259
38261
38262
38266
38275
38286
38287
38291
38292
38294
38304
38313
38314
38322
38323
38325
38337
38345
38346
38352
38362
38379
38384
38386
38395
38409
38410
38412
38418
38424
38430
38435
38438
38439
38441
38445
38447
38450
38453
38457
38458
38460
38464
38471
38473
38481
38483
38485
38491
38498
38500
38510
38528
38540
38546
38551
38554
38558
38565
38575
38580
38583
38584
38586
38588
38589
38595
38596
38600
38602
38606
38609
38614
38627
38629
38642
38649
38650
38655
38657
38671
38677
38682
38683
38684
38687
38692
38695
38701
38703
38709
38719
38726
38731
38748
38752
38753
38754
38764
38768
38770
38774
38798
38800
38807
38811
38820
38830
38838
38842
38845
38846
38847
38848
38850
38852
38856
38859
38873
38875
38877
38888
38894
38895
38902
38906
38911
38914
38916
38918
38921
38924
38925
38927
38928
38940
38942
38948
38953
38960
38965
38982
38985
38988
38991
39020
39024
39026
39031
39036
39039
39043
39046
39047
39062
39064
39066
39067
39084
39093
39104
39106
39108
39111
39116
39120
39122
39126
39138
39139
39144
39156
39162
39169
39175
39178
39179
39191
39194
39195
39202
39204
39211
39215
39217
39221
39223
39225
39230
39234
39239
39247
39249
39278
39293
39294
39302
39311
39316
39341
39345
39346
39358
39359
39361
39371
39375
39377
39389
39392
39410
39419
39421
39428
39432
39433
39460
39475
39479
39497
39514
39537
39553
39559
39560
39561
39578
39581
39586
39588
39592
39594
39595
39601
39613
39623
39625
39633
39651
39654
39656
39658
39663
39676
39677
39678
39687
39696
39700
39704
39709
39710
39714
39720
39723
39730
39731
39734
39737
39742
39751
39753
39759
39763
39767
39777
39779
39780
39781
39784
39785
39797
39817
39827
39831
39837
39842
39843
39855
39856
39870
39875
39878
39879
39880
39881
39898
39900
39902
39903
39904
39909
39910
39912
39918
39928
39931
39932
39942
39947
39948
39949
39952
39955
39958
39978
39981
39984
39986
39992
40002
40003
40006
40009
40011
40016
40021
40026
40031
40039
40046
40049
40064
40066
40068
40072
40086
40094
40095
40096
40097
40103
40104
40111
40113
40114
40120
40128
40132
40141
40152
40155
40173
40183
40184
40185
40187
40192
40200
40202
40207
40212
40213
40221
40230
40239
40247
40248
40257
40258
40263
40275
40280
40282
40283
40287
40290
40296
40299
40303
40309
40311
40319
40323
40333
40334
40342
40349
40371
40374
40375
40389
40390
40395
40402
40405
40425
40430
40434
40435
40436
40460
40461
40469
40476
40484
40485
40488
40490
40497
40500
40502
40517
40521
40528
40530
40534
40539
40540
40543
40548
40551
40555
40557
40558
40561
40569
40573
40575
40579
40583
40598
40604
40614
40617
40619
40620
40622
40626
40632
40635
40637
40638
40641
40648
40649
40654
40662
40664
40669
40671
40679
40689
40693
40695
40699
40702
40712
40721
40722
40727
40733
40734
40735
40737
40743
40748
40750
40751
40757
40763
40767
40769
40775
40776
40781
40784
40800
40809
40810
40812
40815
40823
40826
40828
40836
40841
40855
40861
40863
40865
40873
40880
40888
40896
40899
40904
40906
40907
40912
40928
40931
40940
40945
40948
40949
40954
40959
40963
40973
40974
40979
40983
40988
40989
41001
41009
41016
41018
41024
41028
41032
41038
41044
41058
41069
41076
41080
41088
41091
41092
41096
41103
41104
41108
41109
41110
41129
41130
41134
41142
41143
41144
41154
41156
41163
41166
41167
41173
41175
41179
41186
41192
41193
41195
41197
41198
41199
41215
41217
41219
41225
41228
41233
41235
41241
41244
41248
41251
41261
41262
41268
41288
41296
41304
41319
41321
41328
41330
41339
41358
41362
41364
41367
41372
41373
41381
41384
41391
41392
41393
41398
41402
41403
41405
41411
41416
41419
41422
41428
41429
41435
41438
41444
41455
41459
41461
41463
41465
41469
41479
41480
41485
41490
41491
41493
41500
41507
41508
41509
41521
41524
41525
41529
41537
41542
41550
41552
41558
41559
41562
41583
41584
41587
41588
41601
41604
41605
41606
41609
41611
41612
41620
41623
41628
41629
41637
41639
41655
41666
41667
41671
41672
41673
41682
41683
41694
41701
41703
41706
41707
41709
41715
41718
41732
41738
41740
41742
41747
41750
41751
41754
41758
41762
41780
41793
41802
41812
41821
41825
41834
41835
41841
41842
41844
41845
41848
41849
41855
41856
41861
41863
41872
41876
41877
41884
41896
41906
41908
41914
41916
41926
41928
41930
41931
41945
41956
41966
41967
41968
41979
41983
41988
42005
42008
42018
42020
42021
42025
42030
42038
42041
42045
42048
42049
42053
42062
42068
42081
42083
42092
42093
42094
42097
42103
42113
42114
42115
42118
42119
42122
42123
42134
42139
42143
42148
42149
42150
42156
42157
42162
42167
42170
42176
42185
42188
42191
42196
42208
42214
42222
42228
42229
42232
42233
42236
42240
42247
42253
42255
42258
42278
42287
42292
42301
42302
42310
42311
42313
42316
42317
42322
42324
42339
42350
42351
42352
42360
42364
42374
42383
42387
42393
42396
42397
42404
42406
42407
42411
42430
42434
42441
42450
42458
42462
42465
42468
42473
42475
42481
42483
42486
42491
42503
42511
42513
42527
42534
42538
42543
42546
42553
42555
42557
42558
42573
42580
42581
42583
42584
42585
42605
42625
42633
42634
42635
42652
42663
42666
42674
42676
42691
42692
42697
42700
42718
42731
42732
42734
42737
42741
42746
42753
42757
42761
42765
42768
42778
42782
42783
42794
42798
42824
42825
42826
42828
42834
42841
42842
42844
42858
42860
42866
42867
42874
42879
42880
42884
42894
42895
42901
42902
42916
42917
42919
42920
42924
42929
42935
42942
42954
42968
42971
42980
42987
42994
42997
42998
43006
43018
43021
43026
43027
43030
43032
43037
43042
43050
43060
43068
43070
43072
43080
43081
43088
43090
43091
43105
43111
43126
43135
43137
43139
43159
43165
43174
43176
43180
43186
43187
43188
43192
43202
43205
43208
43210
43220
43238
43247
43248
43266
43271
43277
43279
43280
43295
43297
43298
43301
43302
43303
43308
43327
43329
43331
43342
43344
43357
43369
43370
43371
43374
43377
43378
43387
43389
43390
43393
43403
43417
43418
43427
43431
43438
43439
43441
43448
43452
43458
43467
43474
43477
43482
43486
43488
43489
43491
43493
43498
43517
43522
43528
43529
43543
43549
43550
43552
43555
43560
43576
43585
43591
43593
43595
43602
43614
43615
43620
43623
43624
43629
43630
43633
43635
43637
43638
43639
43640
43654
43655
43659
43662
43670
43678
43686
43688
43695
43700
43707
43708
43727
43730
43733
43736
43745
43746
43749
43753
43756
43767
43783
43787
43789
43797
43803
43804
43808
43828
43829
43834
43838
43844
43852
43856
43863
43867
43868
43876
43880
43883
43887
43895
43896
43898
43899
43901
43902
43903
43906
43913
43914
43920
43933
43940
43946
43955
43959
43961
43964
43965
43968
43969
43975
43976
43978
43987
43992
43994
43996
43997
44004
44005
44006
44011
44013
44027
44032
44033
44040
44052
44060
44097
44098
44099
44106
44114
44126
44132
44134
44145
44146
44149
44150
44157
44159
44160
44165
44166
44168
44175
44176
44183
44186
44190
44191
44193
44203
44211
44212
44215
44216
44218
44229
44230
44232
44233
44239
44241
44245
44265
44269
44285
44287
44288
44294
44302
44304
44306
44308
44314
44316
44319
44338
44339
44341
44350
44352
44358
44360
44377
44380
44383
44388
44394
44400
44402
44403
44412
44414
44417
44423
44438
44441
44442
44445
44447
44448
44452
44456
44458
44466
44474
44475
44478
44480
44482
44485
44487
44494
44497
44506
44511
44516
44531
44537
44538
44539
44546
44548
44549
44554
44556
44561
44562
44565
44569
44580
44590
44591
44593
44594
44602
44606
44616
44623
44624
44627
44638
44653
44655
44661
44663
44664
44665
44673
44678
44679
44687
44700
44704
44706
44709
44712
44716
44722
44723
44732
44744
44745
44752
44756
44762
44767
44771
44774
44776
44779
44789
44794
44796
44798
44801
44804
44810
44814
44824
44825
44830
44836
44837
44840
44841
44843
44847
44852
44867
44868
44873
44880
44884
44891
44893
44895
44909
44910
44913
44919
44924
44929
44933
44935
44941
44945
44946
44948
44963
44968
44970
44972
44973
44986
44987
44992
44995
45006
45011
45013
45021
45022
45025
45028
45032
45044
45059
45060
45064
45078
45082
45084
45086
45095
45099
45100
45104
45110
45112
45115
45126
45127
45128
45129
45142
45147
45151
45173
45177
45178
45185
45191
45205
45218
45220
45226
45232
45238
45242
45247
45255
45263
45275
45276
45278
45280
45284
45292
45295
45303
45306
45307
45313
45322
45327
45332
45347
45352
45356
45363
45376
45378
45379
45387
45393
45397
45403
45404
45405
45409
45413
45415
45417
45422
45443
45454
45475
45493
45501
45510
45522
45533
45549
45550
45551
45555
45556
45559
45566
45568
45571
45573
45582
45584
45586
45589
45597
45602
45605
45608
45611
45619
45621
45623
45624
45630
45644
45646
45650
45651
45653
45657
45661
45666
45667
45679
45682
45693
45699
45702
45707
45714
45715
45717
45718
45722
45735
45739
45745
45749
45763
45767
45777
45778
45781
45787
45788
45797
45803
45804
45808
45812
45823
45824
45829
45854
45861
45863
45877
45880
45886
45890
45894
45904
45905
45906
45909
45917
45939
45943
45955
45960
45963
45964
45967
45971
45972
45983
45989
45992
45995
46005
46020
46023
46026
46034
46040
46044
46051
46055
46056
46061
46068
46071
46078
46081
46084
46095
46096
46099
46107
46108
46111
46122
46124
46130
46136
46137
46166
46172
46177
46180
46190
46194
46202
46203
46204
46209
46210
46218
46221
46228
46232
46241
46245
46248
46252
46268
46271
46272
46279
46284
46290
46292
46300
46301
46304
46306
46309
46311
46313
46315
46317
46327
46328
46330
46348
46353
46355
46365
46370
46372
46374
46377
46380
46381
46384
46392
46394
46401
46403
46404
46421
46428
46448
46449
46455
46458
46479
46483
46484
46496
46499
46528
46535
46538
46540
46569
46576
46594
46600
46603
46604
46613
46618
46619
46621
46629
46632
46633
46637
46641
46642
46649
46659
46660
46661
46668
46669
46670
46673
46677
46680
46708
46718
46720
46722
46724
46726
46732
46735
46743
46745
46749
46750
46760
46764
46777
46780
46791
46798
46800
46807
46817
46822
46833
46837
46847
46848
46850
46861
46863
46868
46873
46876
46878
46879
46880
46917
46918
46927
46933
46940
46950
46955
46962
46969
46971
46972
46982
46983
46996
47002
47005
47015
47030
47040
47045
47046
47047
47048
47054
47058
47062
47063
47066
47075
47079
47084
47085
47093
47098
47101
47105
47107
47116
47117
47132
47142
47154
47158
47159
47163
47167
47171
47175
47177
47192
47204
47206
47208
47216
47220
47237
47241
47243
47244
47248
47250
47258
47261
47296
47306
47309
47311
47314
47322
47325
47332
47333
47334
47338
47340
47343
47346
47352
47358
47364
47369
47372
47379
47380
47383
47391
47397
47399
47414
47421
47435
47438
47443
47453
47459
47463
47464
47469
47473
47481
47483
47491
47494
47497
47498
47507
47508
47510
47512
47516
47522
47523
47526
47536
47545
47546
47549
47550
47551
47552
47556
47558
47561
47566
47570
47571
47574
47576
47577
47582
47591
47598
47599
47600
47603
47604
47615
47617
47621
47624
47625
47629
47630
47641
47647
47651
47653
47658
47659
47662
47666
47668
47679
47683
47691
47692
47694
47701
47712
47713
47719
47737
47748
47749
47771
47783
47787
47800
47804
47810
47813
47814
47823
47830
47833
47838
47839
47843
47846
47848
47849
47860
47869
47881
47883
47887
47895
47905
47912
47923
47931
47932
47939
47940
47945
47949
47951
47982
47990
47998
48000
48005
48006
48017
48021
48022
48037
48041
48063
48067
48072
48076
48077
48079
48083
48086
48088
48105
48109
48116
48118
48119
48124
48126
48138
48149
48153
48157
48158
48164
48169
48172
48187
48198
48199
48204
48207
48208
48209
48211
48219
48226
48230
48234
48237
48243
48244
48245
48252
48255
48264
48273
48277
48281
48289
48292
48295
48307
48318
48319
48326
48327
48333
48350
48356
48357
48367
48369
48370
48371
48374
48375
48377
48378
48379
48380
48394
48405
48410
48414
48433
48434
48435
48438
48455
48461
48463
48464
48476
48477
48479
48482
48485
48486
48489
48522
48532
48547
48551
48553
48557
48563
48572
48578
48579
48589
48598
48601
48605
48607
48627
48633
48634
48640
48642
48644
48660
48662
48666
48669
48671
48673
48687
48694
48702
48725
48728
48739
48741
48745
48747
48758
48762
48773
48776
48784
48796
48797
48801
48813
48821
48826
48837
48848
48852
48862
48864
48866
48882
48887
48889
48892
48905
48906
48908
48919
48935
48943
48944
48947
48950
48961
48964
48965
48970
48972
48982
48988
48989
48990
48993
49001
49007
49008
49014
49020
49023
49025
49030
49033
49043
49044
49058
49068
49074
49079
49080
49082
49083
49089
49091
49092
49098
49112
49114
49115
49135
49146
49152
49153
49154
49164
49182
49193
49194
49197
49206
49212
49213
49215
49216
49218
49219
49228
49229
49230
49237
49240
49242
49244
49245
49246
49264
49265
49268
49271
49275
49277
49285
49287
49293
49296
49298
49301
49311
49319
49324
49325
49334
49335
49339
49344
49347
49350
49358
49360
49364
49365
49369
49372
49383
49395
49404
49407
49408
49410
49412
49416
49445
49452
49458
49461
49472
49473
49474
49475
49490
49504
49518
49525
49539
49540
49541
49545
49552
49559
49567
49571
49582
49593
49598
49607
49613
49621
49631
49633
49638
49639
49644
49647
49649
49653
49655
49662
49663
49664
49671
49676
49684
49687
49709
49710
49713
49715
49719
49725
49735
49739
49750
49752
49758
49760
49761
49767
49770
49788
49790
49799
49807
49810
49812
49813
49823
49824
49825
49833
49839
49848
49858
49859
49863
49864
49881
49888
49891
49892
49898
49907
49915
49919
49920
49924
49925
49926
49927
49933
49948
49950
49953
49955
49965
49969
49971
49975
50004
50007
50019
50022
50028
50032
50037
50042
50043
50044
50047
50049
50062
50065
50068
50076
50078
50087
50097
50104
50106
50108
50111
50114
50115
50117
50124
50135
50145
50149
50150
50169
50170
50177
50186
50195
50210
50214
50239
50243
50246
50249
50251
50265
50274
50289
50295
50297
50304
50305
50330
50336
50348
50351
50354
50360
50362
50368
50371
50379
50383
50385
50390
50397
50399
50401
50406
50407
50412
50414
50416
50418
50427
50433
50434
50439
50450
50452
50453
50456
50465
50469
50481
50484
50487
50490
50493
50497
50498
50500
50519
50530
50537
50539
50541
50552
50558
50571
50573
50581
50582
50586
50594
50600
50611
50617
50619
50626
50633
50637
50643
50646
50656
50661
50666
50673
50682
50683
50700
50703
50706
50707
50715
50716
50725
50728
50743
50746
50752
50758
50761
50769
50773
50780
50791
50792
50805
50817
50821
50822
50828
50832
50838
50845
50864
50868
50871
50873
50880
50883
50889
50895
50899
50907
50909
50936
50944
50953
50959
50970
50982
50985
50993
50997
51003
51008
51017
51018
51042
51046
51049
51053
51054
51062
51071
51075
51093
51097
51105
51106
51107
51109
51110
51123
51125
51129
51132
51133
51137
51147
51155
51167
51169
51187
51197
51198
51204
51207
51226
51231
51235
51237
51239
51242
51247
51259
51277
51280
51287
51288
51291
51292
51298
51299
51301
51303
51309
51316
51331
51338
51344
51346
51351
51352
51360
51362
51363
51364
51366
51374
51383
51397
51399
51402
51405
51406
51416
51419
51422
51429
51436
51437
51439
51451
51457
51460
51470
51482
51486
51488
51514
51515
51518
51523
51525
51529
51531
51533
51537
51542
51545
51547
51560
51561
51562
51563
51567
51568
51579
51586
51610
51611
51614
51625
51641
51647
51650
51666
51672
51677
51685
51689
51691
51692
51694
51700
51702
51705
51717
51723
51749
51756
51769
51770
51774
51777
51813
51814
51819
51823
51825
51827
51829
51836
51840
51845
51850
51852
51868
51875
51877
51882
51884
51886
51901
51902
51910
51911
51920
51930
51936
51938
51960
51963
51967
51982
51988
51999
52002
52005
52009
52016
52018
52021
52034
52036
52042
52044
52050
52051
52069
52081
52082
52088
52097
52099
52106
52112
52113
52121
52124
52125
52134
52135
52145
52147
52149
52152
52156
52157
52161
52176
52180
52192
52195
52197
52202
52216
52227
52231
52235
52239
52243
52250
52256
52257
52265
52267
52277
52285
52286
52300
52307
52311
52315
52329
52332
52335
52337
52353
52354
52363
52365
52373
52375
52378
52382
52388
52389
52392
52396
52404
52405
52412
52414
52421
52427
52431
52437
52453
52455
52459
52461
52465
52469
52472
52473
52474
52479
52484
52491
52497
52505
52506
52513
52514
52519
52522
52524
52531
52532
52535
52544
52566
52576
52577
52579
52580
52581
52586
52597
52599
52605
52606
52608
52609
52613
52615
52619
52620
52625
52633
52636
52664
52679
52683
52685
52696
52703
52705
52709
52713
52715
52716
52721
52731
52744
52745
52751
52765
52771
52774
52777
52781
52784
52786
52789
52798
52806
52811
52817
52819
52833
52835
52863
52869
52878
52890
52895
52911
52927
52932
52937
52944
52945
52954
52956
52959
52969
52971
52997
52998
53003
53006
53012
53014
53016
53020
53022
53032
53034
53035
53036
53042
53063
53065
53067
53068
53103
53115
53116
53123
53124
53134
53155
53158
53164
53172
53173
53182
53187
53200
53205
53213
53225
53233
53234
53240
53268
53272
53274
53275
53281
53285
53288
53289
53293
53294
53296
53297
53304
53309
53315
53324
53333
53337
53338
53341
53343
53352
53358
53364
53370
53373
53374
53385
53390
53396
53404
53409
53418
53425
53428
53430
53431
53437
53443
53446
53452
53456
53457
53460
53464
53467
53470
53472
53480
53490
53494
53499
53505
53508
53525
53544
53547
53553
53559
53562
53571
53575
53577
53583
53603
53610
53616
53621
53623
53624
53632
53635
53636
53640
53646
53647
53649
53654
53659
53662
53670
53672
53674
53677
53679
53683
53685
53688
53693
53695
53696
53699
53708
53713
53719
53737
53745
53750
53751
53753
53755
53757
53758
53766
53771
53773
53788
53792
53797
53801
53808
53813
53817
53821
53833
53838
53839
53840
53846
53849
53851
53852
53855
53856
53858
53862
53865
53884
53887
53892
53894
53900
53901
53910
53915
53917
53918
53925
53928
53946
53948
53961
53967
53978
53989
53991
53992
53996
54001
54009
54010
54015
54022
54027
54029
54032
54034
54036
54046
54050
54055
54062
54065
54071
54073
54074
54081
54100
54124
54130
54131
54151
54152
54155
54164
54166
54167
54171
54174
54177
54184
54190
54202
54204
54207
54211
54222
54226
54230
54234
54236
54241
54254
54262
54273
54277
54279
54287
54288
54289
54291
54293
54294
54299
54303
54312
54318
54319
54324
54332
54350
54358
54364
54366
54370
54375
54377
54386
54388
54391
54393
54397
54399
54410
54411
54426
54433
54441
54446
54447
54453
54454
54461
54468
54477
54485
54490
54491
54492
54496
54497
54499
54500
54503
54504
54515
54517
54520
54522
54527
54532
54536
54539
54550
54551
54552
54554
54566
54572
54579
54580
54581
54583
54592
54594
54597
54603
54605
54613
54619
54633
54636
54666
54672
54673
54676
54679
54689
54693
54695
54697
54700
54710
54713
54716
54741
54751
54758
54770
54776
54783
54791
54794
54796
54797
54800
54801
54810
54813
54816
54818
54821
54823
54836
54851
54852
54861
54862
54863
54866
54869
54873
54875
54906
54917
54920
54928
54935
54936
54937
54943
54944
54958
54960
54961
54966
54974
54977
54981
54983
54986
54994
54996
