3
8
10
14
20
22
33
34
38
41
54
55
57
60
63
66
75
79
81
98
99
104
106
111
115
118
119
123
125
128
134
139
142
145
151
156
162
163
171
172
177
185
188
210
219
224
228
233
235
239
243
245
252
256
257
279
281
284
292
305
311
312
314
326
329
333
342
346
352
353
362
378
388
390
408
409
414
430
453
459
462
474
477
502
507
510
514
517
526
531
536
540
546
554
555
559
563
569
582
591
596
600
611
615
617
623
624
635
642
648
650
653
656
659
664
674
683
700
709
710
712
714
723
726
729
735
736
742
750
751
753
755
760
761
763
766
767
768
771
783
784
788
802
814
815
820
832
834
836
837
846
853
857
858
863
877
886
909
919
927
942
948
954
970
989
990
991
992
994
998
1002
1005
1006
1018
1020
1024
1030
1034
1049
1053
1055
1059
1060
1061
1064
1074
1077
1080
1097
1100
1102
1110
1112
1118
1122
1139
1140
1142
1148
1149
1151
1166
1172
1185
1189
1200
1203
1205
1209
1222
1230
1232
1236
1240
1242
1243
1256
1257
1267
1277
1279
1282
1283
1285
1295
1301
1316
1322
1328
1329
1333
1334
1345
1349
1352
1359
1372
1373
1378
1380
1382
1400
1407
1409
1411
1428
1431
1432
1433
1439
1449
1471
1476
1480
1489
1491
1496
1505
1510
1514
1529
1530
1540
1545
1560
1565
1582
1586
1587
1591
1598
1601
1605
1613
1635
1638
1649
1652
1654
1658
1662
1664
1692
1699
1702
1703
1707
1708
1715
1730
1734
1738
1742
1745
1746
1747
1752
1757
1764
1765
1781
1786
1787
1792
1801
1802
1806
1812
1814
1826
1831
1839
1841
1843
1856
1861
1866
1873
1875
1876
1886
1896
1899
1908
1913
1915
1916
1940
1944
1945
1950
1959
1964
1979
1983
1986
1988
1990
2000
2006
2009
2017
2023
2031
2032
2039
2041
2042
2044
2057
2060
2063
2070
2074
2078
2088
2106
2108
2115
2129
2148
2154
2162
2163
2165
2173
2181
2183
2188
2195
2203
2208
2211
2218
2230
2232
2246
2255
2268
2270
2280
2284
2285
2286
2291
2295
2305
2306
2307
2314
2317
2333
2336
2338
2341
2342
2343
2344
2345
2351
2352
2354
2355
2361
2365
2366
2373
2381
2382
2397
2411
2427
2432
2436
2440
2448
2455
2459
2464
2477
2485
2487
2492
2500
2504
2507
2513
2514
2522
2526
2537
2540
2544
2552
2562
2566
2567
2569
2573
2586
2590
2596
2603
2604
2606
2611
2637
2639
2641
2642
2645
2646
2654
2659
2660
2669
2671
2678
2681
2691
2692
2712
2713
2715
2717
2719
2720
2721
2727
2741
2763
2770
2773
2776
2783
2788
2794
2797
2798
2806
2807
2808
2820
2825
2826
2831
2833
2845
2851
2853
2855
2865
2869
2870
2876
2892
2895
2912
2913
2922
2936
2937
2943
2946
2953
2956
2962
2975
2979
2982
2993
3003
3004
3012
3018
3021
3026
3032
3034
3038
3039
3051
3052
3057
3059
3062
3073
3074
3076
3094
3100
3102
3103
3111
3113
3114
3130
3131
3136
3142
3143
3145
3147
3151
3152
3160
3173
3175
3176
3177
3179
3183
3201
3211
3216
3225
3230
3233
3244
3245
3260
3268
3282
3297
3311
3320
3322
3327
3330
3335
3338
3341
3342
3344
3357
3363
3366
3374
3376
3378
3383
3386
3406
3407
3412
3424
3427
3429
3441
3445
3446
3449
3451
3452
3464
3481
3482
3486
3493
3504
3508
3518
3521
3528
3530
3533
3539
3544
3552
3554
3581
3584
3586
3594
3600
3603
3615
3621
3623
3625
3627
3629
3631
3642
3643
3646
3650
3661
3663
3669
3675
3676
3687
3698
3704
3707
3708
3709
3710
3724
3736
3744
3746
3762
3763
3768
3769
3775
3778
3782
3783
3784
3792
3793
3797
3800
3804
3810
3814
3818
3819
3821
3822
3824
3829
3841
3842
3848
3858
3861
3870
3874
3879
3880
3891
3898
3905
3907
3919
3921
3923
3924
3933
3934
3935
3938
3941
3958
3961
3963
3964
3968
3973
3974
3981
3985
3987
3992
3994
3995
3997
3999
4005
4006
4007
4013
4031
4032
4034
4040
4042
4043
4044
4047
4048
4050
4051
4060
4063
4065
4072
4074
4082
4086
4097
4103
4107
4108
4110
4114
4149
4160
4163
4168
4171
4172
4178
4182
4184
4188
4196
4197
4198
4201
4207
4210
4216
4218
4220
4223
4227
4229
4232
4235
4254
4255
4262
4264
4273
4275
4283
4287
4288
4293
4296
4298
4311
4317
4334
4341
4346
4350
4357
4366
4390
4396
4404
4412
4417
4423
4431
4440
4448
4454
4455
4467
4472
4478
4496
4501
4505
4511
4515
4519
4523
4533
4536
4541
4543
4544
4547
4557
4558
4578
4580
4581
4583
4586
4596
4600
4604
4611
4614
4626
4630
4641
4645
4646
4651
4677
4684
4699
4706
4707
4714
4719
4739
4749
4752
4755
4763
4767
4772
4782
4785
4791
4800
4806
4820
4824
4825
4830
4844
4847
4848
4858
4859
4862
4878
4879
4883
4891
4899
4901
4906
4908
4914
4921
4923
4934
4940
4941
4943
4949
4950
4957
4961
4969
4994
4997
5000
5005
5008
5011
5035
5042
5043
5047
5062
5065
5068
5070
5072
5077
5079
5092
5103
5104
5110
5114
5119
5124
5125
5137
5142
5159
5160
5164
5165
5168
5174
5180
5183
5184
5187
5204
5205
5210
5219
5229
5234
5243
5256
5259
5260
5263
5265
5266
5269
5278
5293
5301
5306
5310
5316
5317
5323
5324
5327
5329
5331
5344
5346
5364
5370
5372
5374
5375
5376
5381
5384
5396
5403
5410
5411
5416
5419
5433
5443
5444
5450
5464
5465
5469
5476
5477
5480
5485
5488
5490
5503
5511
5525
5528
5535
5544
5547
5550
5563
5568
5573
5576
5578
5585
5587
5591
5593
5600
5609
5610
5613
5615
5616
5632
5635
5638
5643
5657
5664
5671
5674
5676
5677
5678
5682
5685
5693
5694
5698
5701
5704
5705
5708
5722
5730
5731
5740
5742
5745
5746
5749
5758
5765
5782
5784
5786
5792
5794
5804
5811
5821
5827
5828
5830
5832
5833
5843
5846
5860
5867
5871
5872
5875
5879
5881
5883
5884
5891
5916
5933
5951
5963
5966
5972
5975
5978
5987
5989
5990
6002
6008
6009
6011
6015
6018
6022
6023
6024
6033
6034
6039
6041
6046
6049
6050
6067
6068
6072
6073
6077
6081
6083
6093
6097
6099
6104
6118
6125
6134
6138
6142
6143
6157
6158
6159
6163
6171
6178
6181
6182
6185
6187
6188
6191
6192
6193
6196
6198
6206
6208
6210
6212
6226
6228
6229
6231
6232
6234
6236
6238
6251
6263
6264
6274
6276
6281
6282
6294
6298
6299
6314
6320
6323
6331
6358
6368
6371
6375
6390
6392
6396
6399
6407
6423
6424
6448
6449
6457
6459
6462
6468
6475
6476
6480
6487
6497
6505
6511
6515
6520
6524
6550
6558
6561
6573
6577
6580
6588
6589
6596
6599
6604
6605
6606
6615
6617
6618
6624
6629
6633
6635
6640
6644
6648
6656
6657
6660
6666
6673
6675
6681
6689
6692
6693
6698
6699
6701
6702
6706
6708
6712
6713
6716
6729
6733
6736
6738
6743
6745
6747
6758
6769
6784
6785
6789
6791
6793
6794
6800
6817
6846
6847
6852
6855
6866
6878
6880
6893
6898
6905
6910
6912
6916
6935
6939
6940
6945
6950
6958
6959
6960
6966
6967
6972
6974
6976
6988
6995
6998
7004
7005
7010
7011
7012
7016
7019
7020
7029
7038
7041
7046
7049
7052
7055
7057
7058
7066
7076
7087
7088
7092
7106
7108
7114
7132
7137
7145
7146
7153
7161
7164
7165
7166
7168
7175
7181
7187
7190
7194
7201
7204
7213
7218
7219
7234
7241
7245
7250
7255
7268
7277
7278
7279
7283
7298
7302
7304
7312
7316
7324
7328
7330
7335
7354
7360
7361
7364
7372
7373
7381
7382
7383
7384
7390
7395
7407
7416
7424
7428
7431
7432
7433
7437
7443
7446
7447
7453
7461
7464
7466
7469
7471
7478
7484
7495
7511
7526
7536
7542
7544
7545
7546
7549
7553
7554
7555
7562
7564
7567
7572
7579
7594
7598
7599
7602
7605
7611
7614
7616
7627
7628
7635
7639
7640
7641
7645
7651
7655
7658
7676
7677
7679
7689
7690
7703
7707
7710
7714
7715
7727
7741
7744
7745
7746
7751
7754
7760
7767
7783
7791
7796
7797
7799
7802
7803
7807
7810
7812
7817
7818
7831
7837
7840
7842
7845
7850
7866
7874
7889
7894
7899
7900
7907
7923
7935
7942
7943
7944
7947
7948
7956
7958
7964
7967
7972
7976
7979
7983
7994
7996
8001
8011
8014
8016
8019
8020
8024
8027
8029
8033
8034
8035
8036
8040
8041
8044
8046
8060
8063
8072
8074
8083
8089
8091
8098
8104
8118
8130
8133
8145
8148
8151
8155
8157
8163
8165
8169
8170
8172
8173
8176
8186
8189
8191
8197
8204
8210
8215
8218
8227
8228
8229
8245
8248
8249
8251
8252
8255
8257
8258
8268
8278
8280
8281
8282
8284
8288
8294
8310
8312
8317
8319
8321
8327
8328
8338
8346
8350
8351
8354
8356
8365
8368
8372
8375
8386
8389
8392
8393
8399
8403
8405
8412
8419
8424
8432
8437
8443
8444
8448
8456
8466
8467
8477
8479
8481
8484
8485
8487
8491
8492
8495
8498
8511
8512
8517
8522
8525
8526
8530
8532
8534
8539
8540
8542
8543
8556
8563
8564
8567
8570
8578
8582
8584
8585
8588
8593
8598
8612
8623
8627
8640
8647
8648
8667
8679
8688
8694
8702
8706
8707
8712
8716
8728
8729
8734
8737
8742
8745
8753
8754
8758
8761
8763
8769
8775
8778
8787
8788
8789
8791
8796
8806
8814
8818
8820
8826
8837
8853
8855
8862
8868
8873
8875
8884
8886
8887
8890
8891
8896
8899
8902
8912
8924
8928
8934
8936
8939
8940
8947
8948
8964
8967
8969
8971
8992
8994
9004
9008
9010
9018
9026
9027
9028
9032
9038
9041
9042
9045
9053
9061
9062
9063
9067
9076
9080
9092
9099
9101
9102
9103
9106
9108
9119
9124
9128
9134
9144
9145
9146
9163
9164
9173
9180
9181
9182
9183
9188
9194
9206
9209
9214
9218
9219
9222
9223
9224
9229
9232
9233
9234
9235
9238
9244
9245
9246
9258
9259
9269
9279
9284
9291
9295
9302
9308
9314
9319
9328
9331
9335
9345
9349
9353
9355
9356
9358
9364
9365
9368
9369
9371
9374
9377
9381
9389
9399
9403
9420
9422
9425
9435
9452
9453
9454
9455
9459
9460
9471
9472
9473
9478
9483
9485
9488
9491
9493
9496
9517
9518
9527
9534
9539
9542
9555
9558
9577
9578
9584
9592
9603
9619
9632
9634
9635
9643
9645
9648
9661
9663
9667
9669
9672
9673
9680
9683
9708
9713
9721
9723
9731
9732
9738
9742
9747
9748
9753
9758
9777
9789
9797
9798
9803
9804
9810
9817
9826
9827
9831
9833
9836
9850
9852
9865
9871
9876
9877
9878
9881
9883
9888
9902
9908
9909
9915
9921
9922
9923
9927
9928
9945
9946
9948
9965
9968
9972
9973
9977
9978
9985
9988
9996
10005
10013
10017
10019
10024
10025
10030
10033
10052
10055
10061
10066
10069
10079
10082
10091
10093
10099
10100
10108
10113
10117
10119
10133
10136
10147
10156
10158
10159
10160
10161
10162
10165
10166
10171
10172
10177
10178
10179
10182
10183
10188
10193
10207
10212
10213
10214
10222
10223
10225
10227
10231
10239
10243
10250
10262
10265
10268
10269
10278
10280
10281
10282
10287
10288
10300
10311
10317
10319
10321
10322
10324
10326
10330
10334
10338
10342
10343
10349
10358
10362
10370
10378
10379
10380
10381
10382
10383
10385
10414
10418
10419
10421
10422
10435
10437
10439
10440
10443
10445
10453
10475
10477
10481
10492
10496
10506
10514
10515
10517
10520
10527
10528
10531
10542
10545
10546
10548
10551
10553
10559
10562
10571
10574
10575
10579
10580
10587
10592
10608
10614
10617
10622
10623
10625
10626
10629
10632
10634
10645
10651
10654
10660
10661
10663
10667
10668
10680
10690
10697
10700
10703
10712
10720
10723
10726
10727
10729
10733
10744
10761
10771
10773
10783
10791
10792
10795
10796
10797
10802
10810
10811
10817
10831
10832
10836
10837
10843
10847
10851
10855
10857
10864
10867
10868
10883
10887
10898
10901
10902
10904
10911
10915
10922
10928
10944
10949
10959
10960
10963
10970
10978
10987
10996
11007
11009
11018
11028
11030
11036
11038
11043
11069
11070
11086
11092
11097
11114
11115
11116
11124
11130
11137
11141
11151
11154
11179
11181
11182
11187
11193
11196
11197
11212
11226
11228
11240
11263
11268
11282
11283
11285
11289
11295
11297
11302
11304
11310
11316
11323
11332
11338
11350
11351
11357
11366
11370
11372
11374
11380
11383
11385
11408
11410
11412
11417
11425
11427
11433
11434
11435
11442
11443
11449
11465
11467
11469
11480
11484
11486
11494
11496
11497
11498
11507
11516
11522
11523
11527
11536
11545
11546
11559
11569
11581
11582
11583
11588
11589
11592
11593
11597
11600
11608
11615
11616
11618
11624
11625
11631
11636
11637
11645
11652
11656
11657
11658
11671
11678
11683
11684
11686
11687
11694
11695
11702
11707
11714
11718
11719
11724
11725
11733
11748
11749
11752
11753
11754
11759
11766
11790
11794
11797
11811
11816
11826
11827
11844
11846
11851
11855
11873
11876
11885
11897
11899
11907
11913
11916
11922
11932
11943
11952
11953
11957
11958
11961
11964
11965
11990
11991
11992
12006
12013
12027
12030
12037
12038
12041
12052
12054
12057
12058
12060
12063
12074
12082
12091
12092
12094
12102
12105
12109
12110
12111
12112
12116
12132
12135
12139
12141
12146
12149
12158
12172
12177
12186
12190
12196
12197
12207
12209
12210
12213
12215
12219
12223
12224
12228
12239
12245
12249
12262
12266
12267
12268
12281
12282
12286
12287
12289
12293
12297
12305
12306
12308
12314
12316
12317
12320
12322
12323
12334
12335
12336
12338
12340
12343
12344
12352
12354
12363
12366
12368
12372
12382
12398
12405
12409
12413
12418
12424
12428
12431
12434
12443
12445
12446
12448
12457
12475
12485
12487
12490
12505
12506
12508
12520
12528
12553
12555
12558
12561
12567
12571
12579
12586
12588
12596
12599
12602
12611
12613
12617
12621
12623
12629
12631
12635
12649
12651
12652
12656
12663
12668
12669
12680
12694
12695
12698
12704
12715
12718
12729
12742
12743
12744
12749
12750
12753
12766
12767
12781
12782
12789
12790
12791
12796
12798
12800
12801
12815
12816
12821
12822
12830
12832
12835
12837
12840
12844
12854
12876
12893
12895
12904
12907
12914
12918
12919
12922
12924
12930
12934
12935
12938
12944
12945
12948
12955
12957
12959
12965
12968
12978
12979
12982
12987
12999
13009
13013
13014
13029
13043
13045
13046
13047
13048
13050
13052
13053
13054
13055
13056
13062
13076
13077
13080
13091
13093
13095
13100
13101
13103
13105
13108
13124
13145
13146
13152
13161
13162
13165
13180
13182
13194
13196
13199
13201
13205
13209
13212
13214
13223
13229
13230
13236
13242
13247
13250
13260
13263
13282
13285
13300
13301
13303
13304
13305
13307
13318
13322
13327
13328
13329
13338
13350
13356
13367
13372
13377
13380
13384
13388
13393
13394
13412
13420
13423
13426
13427
13431
13449
13450
13451
13469
13472
13476
13486
13487
13491
13496
13497
13498
13511
13520
13525
13535
13538
13540
13541
13560
13561
13567
13569
13575
13577
13579
13583
13588
13591
13592
13593
13616
13618
13622
13632
13637
13640
13643
13645
13657
13658
13668
13674
13675
13679
13682
13687
13688
13692
13719
13731
13756
13768
13772
13778
13781
13786
13790
13792
13802
13805
13806
13807
13812
13813
13828
13830
13835
13838
13841
13842
13848
13851
13858
13860
13867
13868
13872
13875
13877
13883
13888
13894
13904
13918
13923
13929
13932
13935
13940
13941
13948
13950
13966
13978
13985
13993
13996
13997
14002
14014
14015
14019
14028
14029
14030
14032
14033
14041
14051
14054
14064
14082
14084
14086
14091
14096
14101
14106
14107
14115
14130
14132
14133
14147
14148
14149
14155
14156
14167
14177
14193
14201
14204
14214
14215
14218
14221
14222
14226
14235
14239
14243
14245
14251
14252
14255
14267
14271
14276
14284
14289
14290
14305
14307
14308
14309
14318
14327
14332
14337
14339
14340
14341
14350
14351
14352
14369
14372
14374
14376
14377
14391
14393
14398
14403
14406
14416
14420
14423
14432
14434
14438
14439
14450
14454
14457
14469
14471
14473
14478
14481
14485
14500
14504
14513
14515
14516
14518
14524
14534
14536
14537
14540
14542
14545
14547
14557
14561
14566
14567
14574
14580
14586
14588
14598
14610
14612
14622
14627
14631
14632
14647
14649
14658
14663
14673
14675
14678
14680
14689
14699
14700
14714
14747
14752
14753
14758
14759
14767
14775
14776
14780
14782
14784
14785
14799
14801
14802
14812
14817
14828
14831
14842
14846
14855
14856
14857
14862
14864
14865
14868
14871
14879
14886
14889
14891
14901
14903
14918
14920
14924
14927
14930
14933
14936
14937
14938
14943
14950
14951
14955
14958
14966
14971
14974
14979
14981
14995
14996
15006
15007
15016
15022
15031
15032
15037
15046
15052
15061
15062
15065
15076
15078
15079
15081
15085
15088
15095
15097
15099
15101
15103
15114
15116
15117
15133
15138
15140
15154
15159
15164
15168
15172
15178
15191
15195
15198
15201
15202
15204
15207
15218
15223
15236
15243
15245
15250
15251
15256
15260
15263
15267
15269
15270
15273
15279
15288
15293
15296
15309
15321
15322
15323
15331
15345
15349
15379
15388
15391
15393
15397
15404
15407
15423
15436
15441
15444
15446
15448
15451
15454
15456
15458
15461
15465
15469
15470
15477
15493
15494
15504
15509
15515
15517
15518
15521
15522
15529
15537
15549
15554
15564
15567
15569
15575
15576
15579
15590
15593
15595
15614
15617
15622
15635
15651
15654
15657
15659
15675
15677
15680
15682
15685
15686
15693
15699
15721
15726
15731
15740
15744
15766
15767
15769
15772
15773
15774
15777
15789
15791
15794
15798
15803
15804
15813
15817
15831
15834
15838
15843
15847
15859
15860
15862
15875
15876
15880
15883
15906
15912
15917
15918
15928
15932
15938
15940
15948
15953
15963
15967
15968
15970
15974
15976
15979
15981
15983
15989
15994
15995
15997
16010
16012
16016
16017
16022
16027
16033
16036
16037
16049
16050
16054
16056
16057
16065
16071
16074
16075
16076
16077
16078
16096
16100
16101
16105
16114
16132
16137
16138
16144
16146
16148
16156
16161
16163
16166
16172
16175
16183
16189
16193
16197
16198
16199
16210
16211
16225
16227
16233
16237
16244
16245
16249
16255
16261
16263
16273
16275
16277
16279
16282
16287
16291
16299
16304
16308
16312
16320
16323
16325
16342
16343
16345
16351
16376
16377
16384
16385
16389
16390
16392
16395
16398
16399
16427
16432
16435
16436
16438
16439
16440
16445
16446
16447
16450
16456
16459
16471
16479
16485
16492
16493
16499
16502
16505
16516
16519
16521
16524
16535
16536
16543
16547
16555
16565
16568
16579
16582
16584
16589
16597
16602
16605
16607
16608
16618
16626
16635
16647
16653
16655
16667
16675
16677
16690
16691
16700
16705
16706
16710
16712
16715
16726
16738
16740
16743
16744
16752
16758
16766
16769
16776
16785
16800
16805
16811
16814
16820
16821
16830
16835
16837
16848
16858
16860
16865
16877
16883
16899
16901
16906
16908
16917
16931
16944
16946
16950
16955
16963
16974
16976
16977
16979
16981
16983
16984
16986
17005
17011
17021
17027
17045
17047
17055
17059
17062
17064
17074
17098
17102
17111
17112
17121
17126
17130
17135
17141
17146
17148
17150
17153
17157
17169
17173
17190
17200
17223
17232
17233
17254
17258
17262
17268
17285
17288
17289
17290
17291
17299
17304
17308
17319
17321
17324
17332
17333
17337
17353
17365
17368
17373
17375
17381
17382
17383
17395
17396
17400
17405
17411
17413
17419
17422
17425
17426
17427
17430
17437
17452
17463
17465
17468
17479
17482
17483
17485
17490
17497
17513
17515
17523
17526
17535
17541
17543
17546
17564
17565
17567
17579
17597
17604
17612
17617
17634
17637
17643
17644
17645
17647
17661
17671
17685
17698
17703
17714
17721
17724
17735
17738
17741
17744
17745
17749
17754
17771
17783
17786
17787
17788
17793
17800
17806
17808
17809
17819
17824
17831
17834
17835
17840
17849
17854
17878
17884
17903
17924
17926
17929
17948
17957
17958
17959
17961
17965
17967
17973
17977
17979
17980
17983
17985
17999
18000
18005
18020
18034
18038
18043
18044
18046
18056
18057
18062
18070
18072
18078
18082
18084
18089
18092
18105
18107
18109
18114
18121
18126
18139
18140
18150
18152
18158
18162
18167
18168
18170
18177
18181
18182
18183
18185
18186
18194
18198
18208
18224
18227
18231
18234
18241
18249
18252
18253
18257
18263
18273
18274
18281
18282
18289
18295
18303
18308
18309
18311
18318
18326
18332
18337
18341
18343
18346
18358
18366
18376
18383
18406
18412
18413
18428
18434
18436
18443
18446
18447
18448
18461
18464
18469
18477
18483
18502
18508
18518
18529
18530
18533
18535
18543
18547
18548
18554
18561
18574
18576
18580
18587
18594
18597
18605
18608
18609
18612
18617
18620
18623
18624
18642
18645
18648
18649
18668
18675
18683
18694
18700
18712
18714
18718
18719
18723
18735
18736
18749
18750
18753
18756
18765
18773
18774
18775
18781
18782
18786
18787
18798
18799
18800
18803
18804
18810
18818
18822
18829
18832
18837
18838
18841
18843
18849
18868
18870
18877
18884
18886
18889
18891
18900
18908
18915
18924
18931
18936
18938
18940
18941
18942
18946
18956
18958
18959
18966
18974
18975
18976
18978
18983
18984
18988
18993
19001
19008
19012
19022
19024
19041
19044
19048
19050
19058
19063
19067
19068
19069
19071
19075
19081
19084
19090
19097
19100
19102
19107
19109
19121
19123
19124
19128
19133
19134
19152
19170
19209
19211
19213
19217
19225
19227
19228
19229
19233
19235
19236
19238
19241
19242
19247
19254
19255
19262
19270
19271
19272
19274
19278
19279
19296
19298
19302
19303
19307
19312
19321
19332
19335
19336
19343
19346
19362
19363
19365
19368
19369
19371
19381
19384
19386
19394
19398
19399
19400
19402
19406
19409
19411
19437
19444
19446
19447
19460
19461
19470
19476
19479
19486
19494
19497
19505
19513
19515
19517
19529
19531
19533
19544
19548
19553
19554
19555
19558
19573
19574
19575
19577
19578
19581
19592
19596
19601
19623
19629
19633
19634
19636
19648
19656
19657
19661
19663
19666
19667
19668
19672
19676
19692
19694
19695
19706
19707
19712
19716
19721
19722
19728
19741
19744
19746
19747
19748
19750
19754
19763
19765
19766
19767
19770
19775
19781
19782
19787
19789
19790
19794
19798
19801
19807
19824
19826
19830
19837
19851
19859
19868
19883
19885
19888
19892
19893
19898
19908
19913
19914
19919
19921
19925
19935
19943
19944
19950
19953
19955
19956
19957
19971
19978
19987
19995
20002
20013
20019
20020
20027
20034
20040
20047
20048
20049
20050
20062
20069
20070
20072
20077
20079
20084
20092
20096
20113
20114
20120
20121
20126
20129
20134
20150
20155
20160
20163
20168
20171
20173
20174
20178
20182
20196
20199
20210
20211
20219
20225
20230
20231
20247
20250
20251
20252
20265
20271
20280
20281
20285
20290
20291
20310
20313
20315
20326
20329
20338
20339
20355
20362
20375
20383
20397
20398
20407
20409
20417
20430
20442
20444
20448
20461
20469
20475
20484
20490
20495
20499
20501
20505
20511
20512
20522
20524
20527
20532
20533
20535
20537
20540
20542
20548
20553
20558
20562
20568
20574
20578
20586
20587
20591
20595
20601
20604
20612
20627
20632
20640
20645
20651
20659
20674
20677
20680
20694
20706
20707
20712
20717
20719
20722
20727
20741
20744
20748
20750
20755
20757
20765
20769
20770
20774
20780
20783
20784
20790
20799
20802
20806
20807
20808
20812
20817
20818
20831
20841
20842
20846
20848
20851
20852
20866
20878
20884
20885
20898
20907
20916
20922
20929
20931
20938
20940
20968
20969
20970
20974
20981
20987
20993
20995
21011
21015
21026
21030
21035
21037
21039
21044
21045
21048
21050
21051
21052
21059
21061
21066
21067
21068
21072
21074
21076
21077
21083
21084
21089
21090
21097
21103
21112
21115
21120
21121
21122
21132
21135
21136
21144
21148
21156
21160
21169
21188
21196
21197
21211
21217
21222
21234
21248
21249
21251
21254
21263
21265
21271
21272
21276
21283
21289
21290
21291
21302
21305
21306
21309
21315
21319
21330
21337
21342
21348
21350
21361
21363
21377
21383
21384
21389
21400
21405
21414
21418
21419
21420
21425
21431
21436
21444
21447
21453
21456
21462
21468
21471
21473
21477
21478
21489
21497
21501
21509
21513
21525
21534
21538
21540
21544
21552
21553
21563
21568
21576
21584
21587
21588
21590
21603
21617
21620
21624
21634
21636
21637
21639
21641
21647
21648
21665
21668
21679
21683
21685
21689
21701
21702
21704
21706
21708
21712
21714
21717
21718
21724
21736
21738
21747
21751
21752
21755
21757
21760
21767
21769
21773
21780
21781
21783
21788
21804
21805
21807
21815
21817
21824
21827
21830
21838
21866
21868
21870
21872
21874
21875
21891
21894
21895
21901
21905
21907
21908
21911
21931
21935
21949
21952
21960
21968
21969
21970
21972
21973
21975
21978
21984
21987
21988
21989
21996
22010
22014
22016
22025
22029
22034
22035
22041
22043
22051
22059
22061
22069
22089
22096
22107
22109
22112
22113
22128
22139
22145
22149
22150
22152
22164
22167
22172
22182
22186
22206
22232
22233
22238
22239
22243
22244
22266
22268
22269
22283
22299
22301
22307
22316
22323
22325
22326
22336
22343
22355
22356
22361
22370
22372
22377
22382
22385
22390
22391
22405
22407
22416
22417
22418
22426
22434
22436
22437
22438
22441
22443
22468
22469
22473
22475
22480
22487
22490
22498
22500
22501
22512
22515
22525
22536
22537
22550
22555
22558
22562
22570
22572
22575
22577
22578
22580
22584
22591
22596
22601
22603
22609
22623
22630
22636
22657
22664
22679
22682
22684
22685
22686
22690
22707
22718
22720
22724
22748
22754
22765
22773
22775
22779
22782
22784
22790
22791
22792
22797
22813
22821
22822
22827
22830
22832
22839
22841
22847
22870
22872
22882
22900
22908
22910
22921
22932
22933
22934
22935
22936
22939
22943
22944
22950
22964
22970
22976
22978
22987
22994
23001
23015
23017
23018
23022
23024
23026
23027
23038
23046
23048
23060
23069
23078
23083
23087
23091
23092
23094
23098
23116
23117
23123
23125
23126
23128
23131
23133
23146
23154
23165
23173
23180
23184
23189
23214
23217
23220
23234
23236
23237
23241
23242
23246
23252
23259
23263
23267
23269
23272
23273
23277
23279
23287
23293
23296
23300
23302
23310
23315
23317
23325
23329
23335
23340
23341
23351
23358
23360
23361
23366
23380
23381
23414
23417
23422
23433
23434
23435
23439
23446
23450
23453
23466
23474
23485
23486
23498
23503
23515
23521
23534
23536
23537
23539
23546
23550
23552
23553
23558
23564
23574
23581
23582
23583
23585
23587
23595
23604
23608
23611
23613
23615
23620
23622
23624
23639
23640
23654
23663
23666
23675
23682
23685
23697
23700
23703
23707
23716
23717
23731
23734
23741
23751
23756
23767
23772
23775
23783
23785
23788
23791
23792
23796
23802
23804
23807
23822
23828
23833
23845
23847
23849
23853
23870
23871
23874
23875
23888
23890
23894
23901
23902
23907
23909
23920
23921
23940
23952
23959
23961
23967
23969
23975
23976
23991
23995
24004
24005
24016
24018
24034
24035
24050
24052
24054
24056
24060
24066
24074
24075
24081
24094
24097
24101
24104
24110
24118
24122
24130
24138
24143
24152
24153
24161
24168
24172
24175
24176
24177
24183
24184
24185
24189
24191
24194
24208
24224
24227
24232
24239
24240
24241
24243
24244
24253
24259
24261
24265
24266
24272
24278
24282
24290
24295
24296
24298
24303
24304
24318
24321
24339
24345
24359
24365
24372
24373
24382
24387
24401
24402
24405
24408
24410
24412
24415
24418
24419
24420
24429
24430
24435
24437
24439
24440
24447
24448
24457
24459
24474
24476
24488
24494
24502
24506
24510
24512
24515
24516
24524
24526
24528
24536
24543
24557
24558
24566
24572
24582
24602
24607
24609
24612
24622
24633
24634
24637
24646
24657
24658
24668
24670
24678
24696
24699
24700
24708
24710
24718
24721
24729
24736
24754
24757
24758
24759
24761
24767
24785
24794
24797
24807
24810
24813
24814
24825
24828
24833
24836
24842
24843
24850
24855
24860
24863
24874
24879
24881
24883
24889
24892
24909
24918
24923
24934
24937
24938
24941
24950
24955
24975
24988
24999
25000
25002
25013
25022
25025
25026
25028
25030
25034
25036
25043
25045
25047
25049
25055
25059
25075
25078
25085
25090
25091
25093
25095
25099
25106
25108
25109
25111
25112
25113
25125
25135
25139
25158
25165
25172
25174
25181
25183
25193
25200
25202
25207
25213
25219
25221
25224
25226
25229
25233
25234
25246
25250
25254
25265
25268
25276
25280
25281
25283
25284
25286
25303
25306
25314
25317
25318
25320
25323
25325
25326
25329
25334
25339
25346
25357
25363
25368
25376
25380
25418
25419
25425
25434
25438
25441
25446
25452
25456
25462
25463
25464
25465
25468
25486
25487
25496
25497
25502
25508
25511
25516
25519
25521
25522
25523
25524
25532
25540
25545
25554
25559
25562
25570
25575
25583
25590
25595
25596
25601
25602
25604
25605
25608
25609
25614
25615
25618
25629
25634
25635
25642
25650
25651
25653
25655
25660
25663
25666
25667
25673
25675
25686
25689
25704
25705
25708
25728
25729
25730
25739
25744
25747
25753
25754
25763
25766
25772
25773
25779
25780
25786
25791
25792
25797
25801
25811
25812
25828
25835
25838
25845
25847
25848
25851
25853
25859
25861
25873
25874
25878
25881
25884
25885
25886
25892
25901
25923
25925
25926
25945
25952
25954
25956
25959
25961
25962
25969
25973
25974
25980
25987
25993
25995
25998
26000
26001
26002
26006
26011
26012
26018
26056
26057
26064
26075
26079
26086
26094
26095
26096
26102
26103
26111
26116
26117
26126
26128
26148
26152
26180
26182
26195
26196
26197
26200
26201
26206
26219
26220
26230
26238
26240
26246
26263
26275
26282
26284
26287
26300
26312
26317
26318
26334
26337
26344
26348
26355
26356
26368
26370
26377
26380
26387
26391
26393
26394
26398
26404
26406
26409
26410
26413
26415
26416
26431
26435
26445
26450
26453
26457
26459
26465
26467
26471
26475
26486
26493
26495
26497
26527
26530
26531
26540
26571
26572
26574
26578
26580
26581
26589
26593
26596
26597
26620
26626
26630
26634
26642
26662
26665
26666
26668
26669
26670
26681
26683
26690
26706
26713
26721
26723
26726
26727
26729
26748
26759
26761
26768
26774
26783
26795
26804
26811
26814
26818
26831
26832
26834
26838
26842
26847
26856
26869
26870
26882
26886
26887
26896
26899
26903
26907
26919
26923
26976
26985
26992
26994
26995
27002
27003
27004
27006
27009
27010
27016
27028
27029
27034
27036
27047
27049
27063
27064
27067
27074
27078
27085
27087
27093
27095
27098
27099
27103
27105
27115
27123
27131
27143
27154
27159
27165
27167
27168
27170
27173
27175
27176
27177
27178
27179
27187
27215
27224
27226
27228
27232
27233
27235
27250
27253
27254
27277
27285
27286
27291
27300
27305
27323
27324
27326
27331
27332
27335
27336
27347
27351
27353
27354
27367
27371
27385
27391
27393
27395
27404
27410
27415
27424
27430
27439
27458
27462
27464
27469
27472
27480
27482
27485
27486
27493
27500
27501
27509
27516
27521
27524
27529
27533
27538
27540
27552
27553
27569
27570
27577
27587
27599
27600
27612
27619
27621
27622
27627
27639
27645
27646
27652
27655
27678
27689
27698
27705
27709
27712
27719
27720
27727
27728
27733
27738
27752
27754
27757
27769
27773
27785
27790
27808
27809
27817
27818
27824
27826
27833
27842
27847
27852
27853
27861
27865
27867
27868
27872
27876
27880
27887
27900
27908
27916
27922
27925
27939
27942
27945
27946
27965
27966
27969
27970
27976
27993
27994
28001
28003
28007
28008
28011
28012
28019
28020
28026
28029
28034
28037
28044
28047
28048
28059
28066
28071
28075
28081
28086
28089
28093
28097
28101
28105
28110
28111
28124
28131
28133
28140
28141
28147
28152
28154
28158
28160
28171
28180
28201
28203
28205
28206
28207
28208
28222
28229
28230
28232
28233
28239
28249
28254
28258
28272
28293
28295
28303
28309
28310
28311
28312
28319
28325
28334
28337
28342
28344
28354
28364
28365
28372
28380
28381
28382
28389
28398
28411
28418
28425
28428
28439
28442
28445
28453
28455
28463
28464
28467
28473
28486
28508
28513
28516
28517
28518
28520
28526
28533
28536
28537
28541
28542
28547
28548
28552
28553
28556
28559
28560
28581
28592
28593
28601
28602
28609
28614
28615
28616
28632
28636
28639
28640
28648
28651
28653
28655
28659
28660
28669
28676
28678
28682
28685
28687
28693
28695
28706
28707
28714
28721
28724
28725
28731
28754
28773
28785
28791
28792
28793
28808
28809
28814
28818
28821
28823
28826
28827
28835
28836
28847
28853
28857
28862
28877
28880
28881
28886
28889
28904
28905
28910
28914
28916
28919
28920
28924
28926
28928
28935
28942
28943
28946
28954
28959
28964
28968
28970
28983
28994
28995
28996
28997
28999
29003
29006
29008
29017
29021
29035
29041
29044
29061
29068
29074
29080
29086
29088
29097
29099
29101
29102
29106
29110
29115
29118
29123
29124
29126
29135
29138
29140
29141
29148
29154
29162
29163
29166
29182
29187
29191
29205
29219
29230
29234
29235
29243
29252
29261
29265
29269
29271
29277
29281
29288
29296
29323
29334
29341
29342
29343
29348
29355
29362
29367
29369
29370
29374
29380
29388
29391
29400
29401
29406
29407
29409
29411
29417
29433
29438
29441
29444
29445
29447
29456
29457
29460
29462
29467
29472
29473
29486
29493
29501
29503
29525
29528
29534
29535
29547
29548
29558
29569
29577
29588
29597
29600
29606
29636
29643
29644
29655
29658
29660
29664
29666
29676
29686
29690
29692
29714
29717
29730
29732
29739
29742
29747
29756
29762
29763
29769
29790
29796
29807
29808
29816
29826
29832
29833
29839
29841
29846
29847
29848
29849
29863
29864
29870
29872
29880
29882
29883
29898
29908
29911
29912
29920
29924
29933
29943
29944
29945
29947
29952
29955
29956
29966
29968
29969
29970
29985
29991
29993
30014
30018
30023
30024
30027
30030
30036
30038
30043
30044
30060
30070
30072
30085
30093
30096
30102
30103
30115
30117
30123
30129
30140
30144
30147
30162
30171
30180
30182
30186
30193
30194
30195
30198
30206
30212
30223
30227
30229
30231
30241
30244
30249
30251
30257
30260
30262
30266
30269
30278
30287
30295
30297
30298
30303
30315
30318
30322
30323
30326
30344
30345
30346
30348
30351
30354
30359
30364
30367
30375
30378
30387
30388
30389
30391
30394
30395
30398
30399
30402
30410
30416
30431
30432
30437
30451
30454
30465
30468
30469
30488
30489
30495
30504
30505
30506
30515
30517
30537
30542
30545
30550
30552
30558
30565
30567
30571
30584
30586
30593
30596
30601
30607
30616
30618
30626
30637
30650
30653
30659
30660
30665
30668
30678
30680
30685
30687
30690
30696
30702
30708
30712
30713
30733
30739
30741
30743
30744
30752
30761
30762
30768
30771
30778
30779
30782
30785
30787
30797
30799
30803
30805
30806
30808
30820
30821
30830
30834
30839
30841
30847
30861
30863
30869
30873
30880
30892
30899
30910
30911
30916
30923
30942
30956
30960
30961
30964
30965
30966
30967
30968
30969
30973
30984
31015
31017
31020
31030
31031
31037
31042
31044
31046
31048
31053
31056
31061
31062
31066
31084
31090
31092
31098
31106
31120
31123
31133
31135
31137
31139
31144
31148
31152
31160
31171
31173
31182
31184
31188
31190
31192
31198
31205
31211
31214
31218
31219
31221
31222
31228
31233
31234
31247
31257
31269
31294
31295
31296
31304
31311
31315
31317
31318
31322
31331
31332
31345
31347
31351
31367
31372
31379
31381
31391
31392
31418
31422
31423
31425
31434
31441
31444
31445
31453
31455
31472
31484
31485
31487
31510
31511
31512
31517
31522
31529
31532
31536
31537
31540
31560
31568
31571
31575
31583
31584
31590
31591
31592
31595
31596
31600
31606
31614
31621
31628
31630
31638
31640
31641
31642
31644
31649
31654
31658
31659
31669
31670
31674
31679
31687
31698
31724
31728
31734
31737
31748
31751
31752
31753
31755
31763
31768
31779
31790
31807
31809
31814
31816
31818
31828
31830
31832
31841
31853
31857
31879
31893
31903
31914
31920
31921
31922
31928
31931
31936
31940
31944
31953
31963
31974
31975
31977
31986
31989
31990
31998
32005
32008
32009
32033
32035
32040
32048
32050
32055
32059
32066
32069
32070
32074
32083
32085
32090
32109
32132
32137
32139
32143
32146
32150
32152
32153
32160
32161
32164
32166
32168
32170
32172
32173
32175
32180
32196
32197
32205
32209
32210
32219
32222
32223
32226
32227
32232
32244
32251
32255
32256
32257
32259
32262
32264
32266
32279
32281
32289
32291
32297
32302
32303
32310
32312
32329
32331
32333
32344
32346
32349
32351
32362
32368
32380
32383
32389
32402
32404
32405
32406
32410
32415
32426
32433
32436
32460
32461
32463
32467
32478
32482
32483
32485
32491
32497
32502
32503
32507
32510
32512
32517
32520
32524
32541
32554
32556
32559
32560
32568
32570
32571
32576
32579
32581
32591
32594
32600
32601
32604
32605
32615
32627
32635
32642
32648
32649
32651
32656
32660
32678
32681
32686
32690
32691
32692
32694
32696
32703
32734
32735
32742
32750
32751
32753
32755
32760
32761
32763
32767
32770
32785
32790
32808
32810
32813
32823
32825
32826
32832
32834
32835
32840
32842
32843
32851
32855
32864
32876
32879
32883
32888
32897
32899
32901
32926
32930
32932
32934
32944
32946
32948
32949
32956
32957
32965
32966
32969
32970
32987
32993
33003
33004
33007
33009
33017
33019
33033
33046
33052
33054
33057
33069
33070
33075
33076
33084
33086
33093
33095
33121
33129
33130
33131
33135
33136
33144
33149
33158
33160
33165
33167
33169
33178
33179
33184
33190
33201
33202
33207
33212
33242
33245
33261
33276
33277
33279
33280
33281
33284
33287
33289
33297
33303
33317
33318
33327
33333
33334
33342
33344
33354
33357
33366
33373
33382
33386
33393
33397
33407
33410
33413
33420
33434
33450
33451
33452
33466
33468
33470
33472
33474
33479
33481
33498
33501
33503
33505
33508
33514
33517
33520
33521
33522
33541
33551
33565
33575
33582
33606
33607
33611
33619
33621
33627
33632
33634
33642
33651
33652
33659
33662
33674
33680
33685
33688
33693
33698
33705
33706
33718
33725
33730
33738
33743
33745
33749
33755
33764
33778
33785
33792
33793
33794
33796
33798
33804
33805
33811
33812
33813
33819
33833
33841
33844
33846
33848
33853
33856
33864
33866
33867
33871
33875
33883
33885
33888
33889
33897
33901
33912
33925
33926
33932
33933
33958
33968
33991
33997
34000
34006
34009
34015
34025
34026
34030
34046
34051
34055
34059
34062
34069
34080
34089
34091
34092
34097
34103
34112
34116
34117
34118
34123
34131
34145
34151
34154
34177
34178
34181
34188
34189
34199
34200
34207
34210
34212
34217
34221
34227
34231
34233
34235
34243
34246
34247
34253
34270
34275
34276
34278
34284
34297
34301
34308
34309
34319
34326
34329
34330
34331
34336
34347
34348
34364
34372
34373
34377
34381
34392
34421
34435
34450
34452
34462
34467
34474
34483
34507
34513
34514
34517
34523
34529
34534
34539
34545
34550
34568
34573
34586
34594
34599
34600
34604
34608
34615
34628
34637
34639
34640
34642
34643
34648
34659
34663
34667
34668
34673
34677
34679
34694
34715
34717
34723
34737
34754
34758
34764
34766
34780
34785
34794
34796
34797
34798
34805
34807
34812
34818
34824
34844
34845
34846
34856
34860
34878
34887
34890
34897
34899
34904
34905
34909
34917
34922
34923
34929
34935
34936
34950
34951
34972
34986
35005
35013
35020
35032
35033
35047
35054
35056
35068
35071
35072
35073
35078
35084
35086
35089
35098
35099
35105
35110
35114
35119
35122
35135
35148
35149
35150
35154
35174
35177
35180
35188
35191
35192
35193
35202
35217
35230
35231
35239
35241
35247
35261
35263
35266
35267
35274
35275
35286
35291
35299
35302
35320
35321
35325
35359
35366
35371
35374
35381
35388
35393
35396
35410
35419
35422
35423
35437
35449
35451
35475
35478
35479
35486
35488
35497
35501
35509
35514
35515
35516
35518
35521
35522
35523
35525
35526
35529
35538
35541
35542
35550
35552
35557
35559
35568
35574
35585
35591
35603
35605
35607
35608
35610
35611
35612
35632
35638
35648
35649
35655
35656
35657
35660
35664
35665
35672
35674
35675
35680
35681
35686
35687
35689
35692
35693
35694
35695
35699
35707
35709
35715
35717
35722
35737
35740
35742
35745
35746
35748
35758
35760
35763
35769
35773
35774
35779
35780
35782
35784
35796
35800
35802
35806
35815
35842
35850
35853
35861
35864
35867
35869
35877
35886
35892
35894
35899
35905
35906
35910
35921
35925
35928
35929
35931
35934
35935
35937
35938
35942
35946
35952
35955
35961
35963
35972
35975
35982
35985
35993
35995
35998
35999
36003
36005
36011
36013
36021
36023
36030
36037
36041
36044
36046
36051
36072
36085
36091
36101
36102
36103
36112
36123
36130
36133
36147
36150
36151
36154
36162
36168
36169
36174
36178
36192
36198
36200
36207
36208
36228
36230
36237
36248
36258
36262
36264
36266
36272
36273
36275
36279
36281
36285
36290
36293
36300
36308
36312
36316
36323
36325
36327
36333
36337
36338
36341
36343
36344
36348
36358
36360
36368
36372
36374
36391
36393
36395
36399
36403
36406
36422
36433
36442
36443
36446
36455
36463
36469
36470
36475
36477
36478
36486
36490
36503
36504
36509
36510
36514
36515
36517
36523
36524
36547
36556
36562
36567
36587
36590
36591
36592
36598
36613
36619
36620
36622
36624
36633
36635
36636
36640
36647
36648
36649
36658
36662
36667
36668
36678
36680
36685
36697
36699
36702
36706
36710
36713
36714
36724
36726
36729
36731
36733
36738
36740
36747
36753
36754
36757
36761
36762
36773
36796
36801
36803
36808
36817
36822
36831
36832
36834
36838
36840
36845
36846
36847
36849
36850
36862
36872
36880
36892
36896
36904
36909
36918
36936
36942
36949
36957
36959
36972
36973
36974
36979
36992
36998
37002
37004
37006
37011
37012
37026
37028
37033
37037
37038
37041
37044
37065
37074
37082
37090
37092
37098
37103
37114
37115
37120
37130
37132
37133
37134
37144
37146
37148
37152
37158
37163
37173
37176
37178
37181
37193
37220
37225
37230
37234
37237
37243
37244
37246
37247
37248
37249
37251
37261
37262
37265
37266
37269
37273
37278
37280
37293
37294
37298
37302
37303
37304
37306
37307
37315
37318
37321
37331
37333
37337
37340
37345
37353
37354
37358
37362
37372
37376
37380
37381
37382
37408
37415
37420
37421
37428
37435
37437
37450
37467
37494
37496
37504
37512
37524
37529
37531
37537
37549
37554
37561
37571
37584
37586
37589
37590
37593
37598
37601
37604
37605
37611
37619
37627
37634
37638
37646
37649
37657
37661
37664
37675
37676
37681
37691
37692
37697
37698
37700
37702
37703
37709
37714
37715
37716
37718
37725
37726
37732
37740
37749
37751
37760
37761
37762
37771
37776
37777
37782
37785
37792
37799
37801
37804
37808
37811
37813
37815
37833
37845
37846
37851
37854
37859
37860
37864
37866
37888
37889
37891
37899
37903
37908
37909
37926
37928
37931
37934
37946
37960
37972
37973
37977
37985
37989
37991
38010
38012
38017
38018
38025
38027
38031
38033
38034
38037
38041
38042
38059
38061
38066
38067
38070
38077
38079
38083
38084
38088
38097
38098
38100
38113
38115
38116
38123
38127
38136
38137
38142
38144
38155
38158
38165
38166
38170
38183
38189
38192
38194
38198
38214
38216
38226
38228
38229
38233
38237
38238
38239
38241
38245
38255
38256
38260
38263
38270
38274
38277
38282
38298
38299
38300
38303
38305
38308
38309
38312
38318
38327
38329
38334
38336
38338
38339
38340
38349
38350
38353
38382
38383
38392
38399
38400
38402
38420
38423
38426
38443
38444
38459
38467
38501
38505
38506
38511
38513
38515
38516
38519
38520
38521
38525
38529
38533
38538
38541
38542
38545
38549
38550
38552
38556
38559
38563
38567
38571
38587
38599
38611
38612
38613
38623
38626
38631
38633
38638
38641
38643
38647
38651
38654
38659
38660
38667
38706
38707
38708
38711
38713
38716
38724
38736
38740
38741
38743
38750
38759
38761
38765
38780
38781
38787
38789
38794
38795
38802
38813
38815
38821
38828
38829
38831
38835
38849
38853
38854
38855
38864
38866
38870
38872
38878
38881
38884
38889
38891
38892
38899
38903
38909
38930
38932
38937
38944
38952
38954
38956
38957
38971
38973
38979
38995
39002
39003
39005
39008
39011
39014
39019
39023
39028
39029
39030
39038
39041
39048
39063
39081
39087
39096
39100
39113
39114
39115
39118
39121
39123
39125
39135
39136
39137
39143
39146
39148
39149
39150
39155
39160
39161
39163
39164
39165
39171
39172
39224
39226
39227
39233
39237
39241
39243
39244
39245
39250
39257
39266
39269
39276
39279
39282
39289
39292
39306
39310
39318
39319
39323
39324
39327
39331
39334
39338
39342
39344
39356
39357
39362
39369
39376
39381
39382
39384
39386
39391
39396
39399
39402
39406
39409
39415
39429
39435
39437
39441
39446
39448
39449
39454
39456
39461
39465
39467
39471
39472
39473
39486
39487
39488
39500
39507
39508
39515
39528
39532
39534
39541
39544
39557
39562
39565
39566
39568
39580
39584
39590
39602
39611
39612
39615
39617
39626
39630
39639
39652
39657
39659
39667
39673
39686
39690
39707
39711
39712
39713
39724
39732
39739
39747
39750
39755
39758
39766
39771
39772
39773
39783
39788
39790
39791
39795
39809
39811
39818
39819
39824
39836
39840
39848
39853
39863
39865
39868
39877
39883
39897
39907
39914
39915
39921
39937
39938
39943
39950
39957
39961
39990
40001
40017
40020
40023
40024
40027
40032
40035
40036
40038
40048
40053
40055
40057
40061
40069
40074
40075
40076
40091
40093
40105
40108
40109
40110
40112
40118
40121
40124
40129
40130
40133
40147
40163
40175
40180
40193
40195
40201
40214
40216
40219
40240
40241
40245
40249
40264
40266
40276
40285
40289
40295
40314
40315
40316
40324
40332
40336
40341
40344
40347
40353
40354
40357
40359
40361
40372
40373
40378
40388
40392
40396
40397
40401
40403
40404
40407
40417
40424
40439
40440
40442
40443
40447
40449
40451
40454
40457
40466
40472
40477
40480
40482
40483
40494
40495
40499
40501
40503
40505
40512
40518
40519
40520
40527
40529
40535
40536
40545
40559
40562
40572
40580
40590
40599
40602
40606
40608
40618
40634
40642
40643
40645
40646
40651
40652
40660
40666
40667
40676
40680
40700
40701
40703
40704
40711
40718
40719
40730
40744
40754
40759
40760
40762
40765
40771
40782
40785
40786
40788
40790
40792
40796
40798
40804
40808
40818
40819
40822
40825
40827
40837
40840
40842
40849
40851
40854
40867
40875
40885
40890
40901
40902
40903
40908
40909
40910
40913
40915
40917
40922
40925
40926
40929
40933
40953
40964
40965
40966
40967
40968
40975
40980
40982
40990
40996
40997
40998
41005
41007
41010
41015
41020
41037
41039
41043
41045
41048
41053
41065
41084
41089
41100
41105
41116
41124
41126
41137
41140
41147
41148
41152
41153
41158
41171
41172
41176
41178
41184
41187
41188
41196
41200
41211
41216
41218
41227
41232
41242
41245
41246
41250
41256
41259
41260
41267
41277
41278
41279
41293
41305
41308
41309
41312
41315
41318
41324
41333
41338
41349
41351
41355
41356
41359
41375
41385
41395
41397
41406
41408
41415
41423
41427
41432
41437
41439
41450
41451
41453
41456
41457
41483
41488
41492
41495
41499
41502
41514
41519
41534
41536
41538
41545
41549
41568
41571
41578
41592
41594
41595
41608
41617
41619
41621
41622
41625
41633
41640
41643
41649
41658
41678
41680
41687
41692
41698
41700
41720
41724
41726
41736
41739
41743
41746
41752
41753
41757
41760
41761
41767
41769
41775
41790
41797
41799
41804
41808
41815
41826
41847
41850
41853
41857
41862
41868
41878
41887
41894
41897
41911
41923
41936
41939
41941
41942
41950
41975
41976
41981
41982
41993
41996
41999
42006
42010
42026
42029
42034
42035
42039
42052
42060
42061
42063
42065
42067
42073
42076
42084
42085
42105
42106
42107
42110
42124
42125
42129
42130
42135
42141
42145
42155
42163
42164
42165
42173
42186
42193
42198
42199
42204
42218
42219
42238
42248
42252
42254
42262
42269
42271
42275
42280
42281
42297
42298
42305
42308
42312
42320
42327
42330
42337
42353
42358
42361
42376
42377
42381
42392
42395
42402
42420
42425
42428
42431
42433
42436
42448
42457
42472
42474
42487
42488
42495
42510
42512
42520
42528
42537
42554
42563
42568
42574
42582
42586
42587
42590
42591
42592
42596
42599
42602
42604
42612
42614
42618
42621
42623
42643
42650
42654
42655
42667
42679
42680
42689
42690
42694
42704
42706
42707
42708
42717
42724
42730
42738
42742
42750
42755
42756
42758
42759
42766
42767
42769
42770
42788
42789
42792
42799
42801
42816
42817
42821
42835
42839
42843
42848
42854
42856
42862
42870
42873
42876
42890
42900
42904
42914
42915
42927
42936
42939
42949
42952
42961
42964
42966
42975
42976
42981
42984
42986
42988
42989
42995
42996
43000
43001
43002
43005
43009
43011
43012
43023
43034
43044
43048
43052
43054
43059
43066
43079
43082
43086
43089
43101
43110
43112
43117
43121
43128
43131
43134
43138
43141
43142
43143
43145
43146
43152
43153
43166
43173
43179
43190
43191
43201
43209
43213
43215
43216
43218
43230
43249
43255
43260
43263
43265
43273
43275
43276
43286
43305
43313
43315
43320
43328
43339
43343
43349
43359
43375
43380
43388
43402
43413
43414
43420
43426
43434
43440
43454
43455
43464
43465
43471
43495
43497
43503
43505
43506
43513
43515
43519
43531
43538
43539
43553
43556
43559
43564
43569
43578
43584
43587
43589
43598
43600
43605
43618
43628
43643
43645
43646
43647
43649
43664
43669
43676
43689
43702
43703
43706
43712
43716
43717
43722
43724
43728
43739
43740
43743
43750
43751
43761
43762
43768
43769
43776
43806
43812
43819
43826
43827
43831
43840
43847
43849
43855
43858
43860
43861
43875
43888
43890
43891
43892
43897
43905
43910
43917
43921
43926
43929
43938
43947
43949
43950
43952
43962
43963
43971
43977
43988
44000
44012
44014
44018
44019
44022
44026
44036
44037
44038
44043
44050
44053
44057
44059
44064
44070
44091
44093
44102
44105
44107
44110
44116
44117
44120
44122
44133
44136
44138
44139
44142
44143
44151
44152
44156
44171
44173
44180
44199
44206
44214
44221
44226
44228
44246
44248
44258
44267
44273
44274
44278
44279
44282
44284
44290
44322
44323
44325
44330
44333
44346
44349
44353
44356
44357
44359
44365
44367
44371
44389
44390
44395
44397
44398
44399
44401
44405
44408
44413
44433
44435
44436
44437
44440
44451
44453
44462
44467
44468
44469
44501
44504
44507
44519
44529
44536
44540
44547
44553
44555
44559
44563
44568
44575
44613
44615
44621
44622
44626
44631
44632
44641
44652
44656
44662
44669
44671
44674
44680
44681
44683
44689
44697
44701
44708
44733
44734
44735
44741
44750
44753
44754
44755
44757
44761
44769
44777
44788
44791
44792
44797
44799
44802
44803
44808
44811
44812
44813
44815
44818
44839
44848
44849
44853
44856
44864
44869
44870
44875
44881
44882
44887
44897
44898
44902
44903
44905
44925
44939
44942
44944
44949
44967
44996
44998
45007
45009
45012
45020
45026
45029
45031
45038
45054
45063
45075
45090
45092
45097
45107
45124
45130
45137
45159
45162
45167
45172
45174
45176
45182
45183
45190
45199
45200
45203
45206
45207
45208
45209
45221
45224
45225
45229
45235
45246
45250
45253
45256
45258
45259
45260
45261
45262
45265
45281
45283
45293
45296
45301
45308
45312
45314
45323
45331
45342
45354
45355
45369
45370
45377
45385
45390
45392
45395
45396
45399
45408
45412
45425
45431
45434
45435
45444
45446
45455
45457
45458
45462
45468
45472
45473
45481
45492
45494
45496
45498
45514
45515
45524
45526
45527
45529
45536
45547
45563
45564
45572
45579
45580
45588
45598
45599
45600
45604
45606
45612
45622
45636
45638
45640
45641
45642
45654
45673
45674
45684
45685
45687
45695
45697
45701
45704
45706
45712
45719
45725
45741
45748
45750
45753
45754
45791
45793
45801
45811
45813
45816
45822
45837
45839
45841
45844
45845
45847
45850
45860
45865
45869
45874
45876
45878
45884
45887
45889
45896
45902
45916
45923
45924
45927
45928
45929
45931
45938
45945
45959
45961
45966
45968
45974
45984
45985
45996
45999
46000
46011
46018
46019
46022
46024
46027
46037
46041
46063
46070
46074
46083
46086
46088
46091
46100
46106
46109
46115
46117
46119
46120
46127
46140
46142
46144
46145
46151
46152
46157
46160
46162
46163
46167
46170
46171
46186
46207
46213
46217
46219
46220
46223
46224
46239
46247
46249
46250
46262
46264
46266
46269
46270
46273
46278
46283
46291
46294
46297
46302
46310
46316
46319
46321
46324
46329
46340
46341
46344
46346
46358
46368
46375
46383
46386
46387
46397
46399
46405
46407
46408
46410
46416
46419
46425
46429
46432
46436
46443
46450
46451
46457
46467
46473
46480
46482
46486
46489
46491
46495
46497
46502
46510
46513
46527
46544
46549
46550
46557
46568
46572
46578
46579
46582
46593
46610
46612
46620
46625
46634
46662
46665
46675
46682
46686
46689
46697
46709
46715
46716
46728
46731
46737
46738
46740
46751
46752
46786
46789
46794
46799
46811
46815
46835
46838
46841
46849
46853
46854
46856
46857
46865
46869
46875
46883
46884
46886
46890
46897
46900
46901
46908
46912
46913
46914
46919
46920
46921
46925
46928
46932
46934
46939
46941
46942
46949
46958
46959
46960
46963
46964
46965
46984
46987
46992
46998
47014
47017
47018
47024
47025
47028
47031
47034
47037
47050
47055
47068
47071
47073
47074
47078
47100
47102
47104
47109
47113
47118
47130
47131
47133
47140
47144
47153
47155
47156
47161
47169
47172
47181
47183
47184
47185
47186
47195
47207
47210
47228
47233
47235
47259
47260
47264
47265
47271
47282
47284
47286
47298
47303
47315
47316
47320
47330
47335
47339
47341
47344
47345
47351
47355
47356
47361
47381
47384
47385
47398
47406
47407
47409
47410
47422
47424
47429
47432
47436
47439
47440
47446
47456
47457
47458
47465
47468
47480
47482
47493
47501
47503
47506
47509
47528
47531
47535
47537
47540
47543
47548
47569
47572
47573
47578
47580
47581
47584
47589
47592
47593
47596
47597
47605
47606
47623
47635
47638
47639
47644
47660
47661
47675
47686
47690
47697
47698
47704
47709
47715
47728
47734
47739
47744
47745
47750
47755
47758
47759
47767
47786
47795
47798
47802
47811
47817
47822
47826
47827
47828
47834
47851
47855
47864
47877
47885
47888
47889
47890
47897
47899
47900
47909
47910
47911
47913
47921
47922
47926
47930
47941
47948
47954
47955
47967
47970
47974
47984
47987
47988
47989
47991
47994
47995
48003
48016
48018
48019
48025
48029
48031
48033
48034
48044
48046
48049
48051
48052
48053
48056
48059
48061
48062
48084
48091
48092
48095
48096
48099
48100
48110
48114
48115
48120
48122
48125
48127
48130
48131
48139
48143
48151
48156
48163
48179
48181
48188
48190
48196
48203
48214
48217
48221
48223
48224
48232
48238
48239
48242
48257
48260
48279
48302
48303
48308
48311
48322
48325
48329
48330
48334
48339
48342
48343
48352
48381
48390
48396
48397
48401
48404
48407
48408
48411
48418
48420
48421
48422
48423
48425
48430
48436
48444
48469
48471
48478
48481
48483
48490
48494
48495
48497
48500
48506
48507
48526
48531
48538
48549
48552
48554
48560
48568
48569
48573
48580
48584
48591
48606
48612
48617
48618
48619
48624
48626
48630
48631
48632
48646
48647
48657
48659
48663
48664
48668
48670
48681
48689
48695
48699
48701
48704
48709
48715
48726
48733
48736
48743
48746
48750
48751
48757
48759
48760
48765
48767
48769
48772
48778
48781
48783
48794
48798
48804
48805
48822
48830
48835
48847
48850
48865
48869
48871
48872
48873
48876
48883
48899
48900
48901
48902
48912
48921
48924
48925
48927
48940
48941
48948
48959
48967
48974
48980
48984
48985
48994
48999
49003
49004
49005
49009
49011
49017
49018
49024
49042
49055
49063
49067
49081
49087
49095
49120
49121
49122
49123
49126
49128
49137
49141
49148
49158
49159
49165
49166
49169
49172
49175
49176
49177
49180
49196
49204
49217
49224
49226
49233
49234
49236
49238
49248
49255
49266
49270
49279
49280
49284
49286
49299
49315
49320
49323
49326
49328
49331
49333
49337
49338
49340
49348
49354
49366
49378
49386
49387
49388
49392
49393
49399
49403
49405
49415
49417
49422
49425
49430
49431
49432
49433
49441
49446
49449
49455
49459
49462
49465
49480
49481
49486
49493
49494
49501
49502
49505
49507
49508
49511
49515
49516
49521
49530
49531
49537
49542
49544
49549
49563
49565
49566
49573
49581
49586
49587
49590
49594
49595
49602
49605
49609
49622
49626
49628
49630
49637
49643
49651
49666
49675
49677
49685
49691
49693
49699
49700
49704
49706
49712
49728
49732
49734
49736
49737
49738
49740
49747
49749
49756
49764
49774
49784
49789
49794
49798
49806
49814
49816
49818
49820
49832
49838
49840
49844
49847
49849
49851
49856
49860
49867
49869
49875
49882
49883
49884
49887
49893
49894
49899
49901
49902
49913
49936
49939
49943
49949
49960
49961
49962
49973
49979
49982
49984
49995
49996
50008
50010
50013
50034
50035
50036
50045
50071
50081
50085
50088
50090
50092
50095
50099
50123
50134
50139
50143
50151
50153
50154
50161
50164
50171
50175
50179
50180
50183
50198
50199
50205
50219
50220
50230
50233
50235
50236
50244
50247
50250
50256
50264
50269
50271
50275
50277
50284
50286
50291
50298
50303
50308
50313
50315
50323
50326
50327
50334
50343
50345
50355
50359
50367
50370
50376
50377
50384
50386
50387
50388
50395
50398
50408
50420
50421
50422
50430
50431
50442
50443
50444
50445
50447
50458
50462
50463
50464
50471
50472
50473
50474
50475
50477
50479
50488
50491
50492
50496
50501
50506
50510
50517
50522
50523
50529
50549
50554
50555
50556
50561
50562
50569
50574
50578
50579
50580
50601
50603
50604
50612
50613
50624
50627
50630
50635
50638
50640
50642
50652
50655
50663
50670
50676
50677
50688
50695
50697
50698
50699
50711
50736
50739
50740
50754
50759
50762
50766
50771
50775
50778
50794
50796
50798
50799
50813
50814
50826
50827
50833
50851
50855
50860
50862
50867
50886
50887
50888
50891
50900
50903
50908
50910
50919
50920
50921
50930
50931
50937
50947
50950
50957
50958
50961
50966
50983
50996
51002
51005
51009
51030
51032
51033
51038
51047
51057
51063
51077
51078
51081
51082
51083
51084
51085
51087
51091
51092
51094
51095
51104
51108
51124
51130
51140
51146
51149
51154
51157
51163
51174
51177
51179
51182
51191
51196
51208
51216
51218
51222
51228
51229
51233
51236
51243
51246
51249
51251
51252
51256
51272
51289
51290
51295
51296
51297
51300
51306
51307
51317
51326
51328
51332
51334
51335
51340
51342
51349
51350
51359
51365
51368
51375
51377
51386
51396
51398
51410
51412
51423
51424
51426
51434
51446
51461
51464
51465
51467
51480
51497
51498
51501
51502
51516
51519
51527
51532
51534
51546
51550
51553
51558
51566
51570
51572
51575
51576
51592
51600
51604
51624
51629
51634
51635
51637
51638
51639
51646
51649
51654
51655
51662
51663
51674
51681
51686
51696
51699
51711
51713
51718
51719
51729
51734
51737
51738
51739
51740
51763
51764
51766
51781
51783
51786
51788
51789
51790
51796
51798
51802
51803
51804
51817
51820
51822
51831
51837
51838
51848
51854
51855
51865
51867
51871
51872
51876
51878
51879
51881
51885
51887
51896
51914
51923
51939
51942
51964
51969
51987
51994
51995
52000
52003
52006
52007
52022
52023
52026
52029
52033
52041
52043
52046
52063
52065
52076
52080
52083
52084
52087
52096
52098
52107
52110
52111
52114
52127
52128
52148
52153
52162
52166
52167
52168
52185
52191
52199
52204
52207
52212
52217
52220
52225
52240
52241
52244
52246
52248
52249
52259
52260
52273
52278
52280
52282
52294
52308
52313
52314
52319
52323
52327
52336
52341
52344
52356
52360
52372
52374
52380
52383
52384
52390
52394
52401
52402
52406
52407
52409
52424
52425
52433
52444
52447
52450
52456
52457
52466
52470
52475
52477
52480
52482
52486
52492
52493
52496
52498
52507
52517
52527
52542
52546
52558
52559
52561
52563
52568
52585
52591
52595
52607
52618
52623
52628
52632
52634
52639
52641
52645
52652
52655
52658
52665
52668
52669
52671
52682
52688
52689
52690
52698
52699
52707
52722
52724
52727
52738
52741
52746
52750
52758
52759
52763
52764
52770
52776
52792
52802
52813
52818
52825
52826
52844
52847
52855
52875
52882
52886
52898
52904
52907
52915
52918
52920
52921
52939
52941
52942
52958
52966
52967
52968
52970
52979
52981
52982
52984
52992
53007
53010
53015
53017
53031
53037
53044
53048
53056
53057
53060
53071
53074
53077
53078
53079
53083
53088
53091
53093
53102
53106
53109
53110
53113
53119
53121
53131
53133
53138
53148
53150
53152
53156
53166
53167
53178
53185
53189
53191
53195
53196
53208
53209
53210
53214
53215
53230
53231
53243
53245
53247
53248
53260
53261
53262
53263
53264
53266
53273
53298
53305
53322
53331
53340
53348
53354
53368
53371
53375
53395
53401
53406
53407
53408
53410
53416
53436
53453
53454
53462
53469
53474
53488
53500
53518
53519
53520
53522
53533
53534
53538
53541
53548
53549
53554
53560
53563
53566
53568
53574
53579
53592
53601
53605
53613
53619
53620
53622
53625
53637
53638
53641
53658
53663
53667
53668
53678
53687
53692
53694
53700
53704
53705
53711
53728
53730
53732
53734
53735
53738
53743
53747
53749
53760
53769
53775
53791
53800
53810
53811
53812
53829
53848
53867
53871
53874
53877
53878
53881
53885
53888
53893
53897
53898
53904
53906
53908
53912
53920
53923
53927
53934
53936
53953
53955
53960
53963
53977
53979
53985
53986
53987
54002
54018
54025
54038
54041
54057
54066
54077
54089
54092
54106
54110
54112
54113
54119
54121
54132
54135
54139
54172
54183
54186
54192
54198
54203
54210
54215
54228
54229
54233
54238
54245
54246
54249
54256
54257
54259
54266
54267
54274
54276
54281
54298
54300
54301
54302
54306
54308
54309
54317
54336
54338
54339
54341
54342
54344
54353
54357
54367
54368
54380
54382
54392
54395
54398
54408
54414
54417
54424
54436
54439
54442
54463
54466
54467
54471
54476
54480
54482
54487
54506
54508
54509
54510
54513
54524
54529
54530
54540
54545
54547
54556
54563
54564
54565
54569
54570
54576
54577
54586
54588
54590
54595
54596
54609
54614
54621
54623
54624
54626
54635
54640
54649
54651
54657
54659
54660
54663
54665
54667
54681
54684
54690
54691
54694
54709
54714
54717
54721
54724
54728
54729
54738
54743
54744
54762
54763
54769
54772
54778
54782
54784
54787
54798
54803
54812
54814
54830
54834
54837
54839
54840
54843
54847
54854
54859
54870
54871
54872
54880
54886
54897
54905
54910
54911
54926
54933
54940
54942
54945
54950
54952
54953
54956
54985
54989
54991
54999
