0
2
16
29
30
39
40
42
45
48
51
58
70
74
78
80
84
86
89
94
95
101
109
114
120
121
127
130
131
132
143
148
149
153
154
166
169
173
181
186
195
202
204
213
215
216
222
229
240
251
260
270
283
291
304
307
316
317
319
325
328
334
335
338
341
347
356
358
361
363
366
367
370
371
380
381
394
395
419
420
434
437
439
444
450
451
458
466
467
468
472
484
487
491
494
495
515
520
522
523
524
537
539
548
550
552
557
560
561
571
575
581
583
588
590
599
603
610
612
630
641
645
658
660
662
668
672
684
692
696
706
713
718
720
724
727
739
744
746
748
757
764
772
774
780
791
797
803
804
811
812
821
831
839
847
852
855
862
871
874
876
884
890
897
899
903
908
910
923
925
926
931
933
936
939
946
950
957
960
971
974
976
985
996
1007
1008
1016
1025
1028
1029
1031
1047
1051
1057
1058
1068
1073
1081
1088
1094
1098
1107
1114
1123
1130
1131
1132
1141
1146
1153
1158
1163
1169
1171
1179
1180
1181
1187
1193
1196
1213
1216
1217
1235
1249
1251
1253
1258
1263
1269
1278
1305
1307
1309
1311
1312
1314
1315
1320
1332
1340
1347
1354
1356
1366
1375
1379
1383
1393
1397
1398
1403
1404
1410
1414
1417
1434
1437
1438
1450
1452
1457
1460
1470
1473
1477
1499
1500
1504
1509
1513
1515
1518
1552
1553
1556
1559
1569
1571
1576
1581
1583
1584
1588
1590
1592
1597
1600
1608
1609
1612
1618
1620
1626
1633
1637
1642
1655
1656
1659
1661
1667
1668
1671
1675
1678
1679
1683
1690
1691
1695
1696
1701
1705
1706
1711
1718
1736
1737
1740
1743
1754
1755
1759
1767
1777
1778
1782
1783
1784
1791
1794
1807
1808
1818
1820
1822
1825
1827
1832
1845
1847
1853
1864
1865
1879
1882
1883
1885
1891
1893
1897
1898
1904
1917
1922
1923
1931
1942
1954
1958
1977
1978
1985
1987
1989
1995
2001
2003
2005
2010
2013
2015
2016
2024
2037
2040
2053
2059
2062
2066
2090
2094
2112
2119
2123
2130
2132
2143
2145
2147
2166
2182
2187
2191
2192
2193
2196
2202
2205
2214
2223
2225
2228
2233
2235
2236
2239
2242
2249
2253
2261
2263
2269
2277
2283
2288
2294
2298
2300
2308
2309
2310
2313
2318
2319
2323
2332
2335
2337
2358
2363
2367
2370
2372
2377
2380
2389
2390
2395
2400
2404
2407
2413
2416
2417
2420
2423
2424
2429
2435
2457
2460
2463
2466
2470
2471
2479
2481
2482
2483
2497
2498
2519
2521
2524
2535
2545
2548
2550
2565
2576
2600
2610
2619
2631
2650
2652
2665
2677
2679
2689
2697
2699
2707
2710
2726
2729
2731
2734
2742
2746
2757
2762
2768
2774
2781
2802
2819
2824
2830
2832
2849
2850
2864
2867
2871
2880
2881
2884
2910
2919
2924
2932
2933
2934
2939
2941
2968
2971
2972
2974
2980
2983
2984
2986
2991
2996
3007
3010
3015
3033
3035
3040
3044
3045
3048
3060
3064
3065
3067
3070
3072
3077
3080
3082
3084
3096
3106
3109
3115
3121
3124
3127
3132
3149
3154
3166
3167
3170
3171
3180
3182
3184
3188
3191
3196
3197
3220
3224
3232
3236
3239
3242
3254
3256
3261
3272
3276
3278
3280
3283
3285
3291
3299
3301
3306
3312
3314
3319
3321
3332
3355
3359
3372
3379
3381
3395
3398
3401
3411
3435
3436
3439
3448
3460
3462
3466
3467
3471
3474
3475
3477
3483
3488
3499
3502
3503
3509
3511
3517
3523
3527
3532
3543
3546
3548
3551
3562
3567
3575
3593
3601
3610
3616
3622
3634
3636
3648
3649
3655
3656
3657
3660
3673
3691
3693
3694
3716
3718
3722
3726
3731
3742
3749
3755
3764
3767
3772
3774
3781
3788
3790
3803
3816
3825
3844
3846
3847
3851
3857
3859
3884
3886
3890
3892
3895
3897
3902
3906
3908
3910
3912
3915
3918
3922
3925
3930
3931
3939
3942
3943
3946
3966
3971
3972
3977
3984
3998
4002
4012
4016
4022
4025
4027
4030
4045
4053
4059
4061
4062
4079
4080
4083
4084
4095
4098
4112
4115
4118
4133
4136
4147
4153
4154
4161
4164
4165
4180
4186
4204
4206
4209
4211
4214
4234
4236
4242
4244
4252
4256
4257
4260
4265
4266
4268
4270
4274
4282
4284
4285
4291
4295
4304
4312
4313
4318
4319
4321
4328
4331
4333
4336
4347
4354
4358
4359
4364
4370
4383
4387
4394
4398
4400
4403
4406
4407
4415
4418
4419
4424
4425
4427
4434
4436
4450
4459
4461
4468
4475
4476
4479
4482
4484
4491
4495
4508
4512
4517
4520
4525
4529
4535
4537
4540
4549
4565
4566
4570
4572
4582
4597
4603
4606
4609
4613
4619
4622
4623
4625
4635
4636
4640
4644
4657
4664
4668
4675
4676
4689
4692
4698
4703
4705
4708
4725
4726
4733
4735
4736
4737
4743
4747
4754
4759
4762
4774
4775
4784
4789
4794
4801
4803
4810
4833
4837
4842
4850
4856
4861
4868
4873
4880
4894
4897
4904
4907
4919
4924
4932
4937
4938
4942
4956
4959
4966
4976
4978
4979
4989
4990
5007
5010
5012
5019
5024
5025
5030
5039
5049
5051
5064
5069
5071
5081
5084
5085
5097
5098
5115
5117
5126
5132
5136
5138
5140
5150
5152
5157
5163
5166
5169
5173
5185
5186
5202
5213
5225
5227
5250
5252
5253
5267
5276
5286
5288
5290
5299
5325
5328
5330
5337
5341
5353
5363
5368
5369
5373
5383
5385
5386
5387
5392
5393
5394
5398
5402
5407
5408
5409
5418
5423
5426
5431
5432
5436
5437
5446
5448
5452
5455
5458
5459
5460
5462
5466
5467
5482
5484
5486
5491
5492
5494
5496
5497
5506
5508
5517
5522
5523
5524
5526
5529
5537
5539
5560
5572
5588
5590
5597
5605
5606
5619
5624
5629
5630
5634
5637
5640
5649
5655
5662
5667
5672
5688
5691
5695
5710
5715
5721
5744
5759
5772
5773
5777
5783
5797
5798
5808
5815
5818
5823
5829
5838
5845
5847
5854
5855
5869
5886
5897
5902
5906
5908
5910
5913
5919
5924
5936
5937
5942
5962
5970
5976
5977
5992
5994
5998
6000
6004
6012
6019
6026
6028
6030
6031
6036
6040
6043
6057
6069
6079
6092
6101
6103
6108
6110
6123
6130
6144
6146
6148
6149
6150
6162
6166
6169
6175
6177
6179
6183
6197
6199
6204
6209
6211
6217
6218
6223
6227
6243
6249
6252
6258
6260
6266
6272
6278
6279
6283
6284
6286
6290
6293
6295
6297
6313
6319
6324
6336
6341
6342
6345
6350
6357
6364
6389
6391
6393
6394
6395
6397
6398
6401
6405
6408
6411
6412
6417
6422
6428
6433
6439
6456
6460
6463
6470
6474
6484
6485
6489
6501
6503
6504
6510
6522
6533
6538
6542
6555
6559
6560
6567
6575
6584
6586
6600
6603
6608
6609
6619
6637
6638
6641
6645
6647
6663
6667
6674
6677
6695
6696
6697
6705
6710
6711
6720
6725
6732
6740
6762
6768
6770
6777
6779
6782
6790
6804
6806
6808
6810
6823
6827
6830
6832
6834
6835
6841
6844
6851
6875
6876
6883
6887
6890
6894
6896
6901
6902
6908
6915
6918
6921
6926
6930
6942
6951
6955
6956
6979
6983
6985
6987
6989
6992
7000
7001
7006
7014
7048
7051
7053
7064
7065
7070
7075
7077
7079
7080
7082
7083
7094
7096
7097
7105
7109
7112
7115
7128
7134
7135
7139
7141
7144
7154
7169
7170
7171
7172
7174
7177
7189
7198
7202
7206
7207
7210
7223
7238
7239
7240
7243
7254
7258
7265
7272
7282
7301
7311
7325
7329
7341
7343
7344
7352
7355
7362
7363
7365
7367
7374
7380
7387
7389
7397
7404
7405
7406
7408
7410
7413
7415
7419
7420
7425
7445
7456
7470
7491
7497
7505
7507
7508
7509
7516
7519
7521
7528
7535
7539
7552
7561
7578
7580
7581
7582
7583
7585
7589
7600
7606
7607
7610
7618
7622
7629
7632
7634
7653
7659
7660
7672
7674
7681
7692
7700
7702
7706
7708
7709
7716
7722
7723
7725
7729
7731
7740
7742
7753
7755
7759
7761
7762
7763
7770
7773
7779
7780
7781
7784
7788
7792
7800
7804
7809
7814
7826
7832
7855
7859
7860
7861
7875
7877
7879
7888
7893
7898
7903
7905
7906
7908
7913
7914
7917
7921
7922
7926
7932
7946
7957
7974
7982
7990
7991
8000
8003
8008
8021
8023
8028
8031
8032
8049
8053
8057
8070
8073
8075
8080
8086
8092
8099
8108
8113
8114
8117
8120
8121
8123
8138
8143
8150
8154
8166
8174
8183
8184
8187
8190
8199
8200
8201
8213
8221
8225
8235
8238
8239
8242
8256
8262
8263
8276
8279
8283
8285
8292
8293
8300
8301
8303
8304
8311
8314
8316
8320
8332
8334
8341
8344
8347
8353
8361
8362
8364
8376
8378
8381
8388
8390
8397
8398
8401
8406
8410
8416
8420
8446
8447
8454
8455
8461
8462
8464
8470
8478
8482
8483
8488
8490
8497
8501
8514
8519
8533
8544
8545
8547
8549
8558
8571
8572
8575
8592
8599
8609
8616
8630
8638
8650
8655
8661
8663
8664
8665
8671
8673
8681
8683
8689
8690
8703
8721
8727
8738
8744
8746
8749
8764
8781
8790
8794
8795
8799
8800
8805
8808
8809
8828
8833
8849
8859
8861
8871
8878
8879
8881
8882
8889
8897
8898
8911
8913
8921
8923
8933
8943
8954
8956
8959
8968
8974
8986
8993
8999
9024
9029
9043
9049
9066
9077
9081
9088
9091
9094
9097
9118
9127
9129
9133
9135
9138
9139
9140
9141
9143
9159
9165
9176
9178
9185
9186
9191
9196
9197
9198
9200
9201
9207
9212
9220
9231
9236
9237
9240
9242
9251
9261
9263
9268
9273
9285
9286
9289
9293
9303
9329
9332
9337
9339
9340
9350
9351
9352
9357
9363
9378
9380
9406
9412
9418
9432
9436
9441
9444
9446
9447
9458
9462
9466
9467
9469
9470
9480
9484
9494
9499
9501
9506
9512
9513
9523
9526
9529
9531
9535
9549
9561
9564
9567
9568
9570
9572
9573
9574
9576
9581
9583
9585
9587
9594
9598
9599
9613
9615
9621
9623
9625
9626
9627
9633
9636
9641
9651
9656
9660
9664
9665
9666
9668
9671
9674
9685
9686
9688
9689
9691
9694
9695
9696
9698
9699
9703
9711
9712
9717
9722
9736
9741
9743
9746
9762
9772
9774
9775
9779
9784
9792
9794
9795
9799
9808
9813
9820
9822
9823
9835
9841
9846
9847
9855
9856
9859
9864
9867
9884
9889
9895
9907
9918
9926
9930
9938
9940
9959
9960
9961
9963
9967
9970
9980
9986
9989
9990
9991
9992
9994
9995
9997
10001
10010
10014
10023
10027
10028
10042
10043
10045
10046
10048
10054
10059
10067
10068
10072
10073
10080
10081
10085
10095
10114
10125
10127
10128
10137
10144
10146
10149
10151
10153
10154
10157
10167
10168
10169
10192
10204
10219
10229
10230
10240
10246
10251
10253
10255
10258
10264
10266
10275
10276
10292
10294
10296
10297
10313
10315
10327
10329
10339
10341
10356
10360
10363
10364
10373
10376
10387
10389
10392
10393
10394
10401
10417
10420
10426
10431
10434
10442
10450
10459
10463
10467
10474
10476
10485
10486
10491
10497
10501
10516
10521
10522
10537
10538
10543
10547
10552
10557
10568
10577
10588
10595
10597
10600
10611
10615
10619
10630
10644
10647
10650
10659
10666
10670
10674
10676
10684
10686
10698
10701
10717
10728
10731
10745
10760
10769
10772
10774
10780
10782
10786
10788
10800
10809
10815
10819
10825
10833
10835
10838
10841
10848
10862
10863
10865
10872
10873
10875
10885
10886
10891
10900
10905
10919
10920
10925
10933
10937
10945
10946
10948
10952
10954
10962
10965
10966
10971
10975
10988
10992
10997
11001
11002
11004
11013
11014
11021
11029
11033
11037
11040
11042
11044
11049
11052
11053
11056
11059
11062
11073
11075
11076
11084
11085
11090
11094
11098
11100
11101
11102
11103
11107
11111
11125
11127
11129
11132
11142
11145
11152
11155
11158
11159
11174
11176
11177
11186
11190
11191
11195
11204
11205
11206
11209
11211
11217
11218
11231
11234
11237
11239
11244
11247
11249
11250
11253
11256
11265
11270
11277
11278
11280
11281
11287
11288
11298
11299
11303
11307
11309
11314
11317
11318
11326
11331
11335
11336
11340
11344
11345
11361
11365
11368
11371
11375
11386
11394
11398
11399
11416
11426
11437
11438
11440
11450
11454
11456
11458
11459
11462
11463
11464
11470
11471
11479
11485
11487
11488
11489
11493
11500
11510
11511
11515
11520
11528
11529
11537
11538
11547
11549
11560
11564
11567
11571
11577
11594
11595
11606
11609
11613
11622
11626
11629
11633
11635
11639
11641
11643
11646
11649
11651
11660
11661
11666
11673
11677
11700
11703
11713
11717
11723
11727
11737
11740
11747
11755
11767
11775
11776
11778
11779
11782
11784
11785
11795
11796
11798
11802
11810
11812
11824
11838
11840
11843
11847
11848
11850
11852
11859
11862
11863
11864
11866
11878
11880
11881
11883
11892
11894
11896
11898
11900
11904
11906
11912
11917
11925
11928
11933
11936
11937
11942
11945
11954
11959
11976
11986
12008
12021
12023
12024
12034
12043
12044
12045
12051
12059
12067
12068
12078
12079
12087
12093
12113
12133
12140
12142
12183
12195
12203
12204
12211
12217
12221
12225
12231
12233
12248
12251
12256
12258
12260
12270
12274
12275
12279
12280
12284
12288
12294
12304
12311
12319
12327
12331
12332
12347
12349
12356
12371
12373
12376
12379
12380
12386
12391
12406
12411
12414
12426
12429
12430
12458
12462
12463
12471
12472
12473
12480
12481
12482
12483
12491
12496
12511
12516
12521
12529
12540
12541
12545
12549
12550
12554
12562
12565
12589
12595
12609
12610
12614
12618
12625
12633
12642
12648
12662
12665
12670
12671
12681
12682
12684
12687
12691
12693
12699
12706
12708
12709
12713
12719
12724
12725
12726
12738
12745
12746
12748
12752
12755
12756
12757
12769
12780
12785
12787
12794
12802
12807
12817
12819
12820
12825
12827
12836
12842
12846
12851
12852
12856
12857
12862
12865
12868
12869
12872
12873
12874
12878
12879
12880
12881
12887
12891
12894
12905
12910
12913
12936
12939
12943
12946
12969
12980
12981
12994
13001
13006
13022
13025
13028
13032
13034
13035
13038
13040
13058
13063
13064
13065
13066
13068
13071
13074
13079
13081
13082
13085
13094
13104
13107
13109
13113
13115
13116
13120
13126
13128
13129
13136
13153
13155
13156
13157
13159
13176
13185
13187
13190
13203
13204
13206
13213
13243
13251
13252
13257
13259
13264
13277
13278
13280
13287
13292
13296
13309
13311
13334
13337
13339
13346
13351
13359
13361
13379
13392
13398
13403
13411
13414
13429
13432
13440
13442
13445
13457
13458
13460
13465
13471
13473
13480
13489
13495
13501
13517
13524
13537
13554
13562
13564
13578
13580
13581
13589
13590
13595
13597
13602
13613
13615
13619
13623
13625
13626
13629
13633
13636
13642
13650
13651
13670
13673
13677
13678
13689
13690
13696
13699
13703
13710
13712
13714
13720
13722
13727
13735
13736
13742
13750
13755
13764
13773
13777
13779
13780
13782
13784
13797
13800
13808
13809
13815
13816
13823
13831
13834
13852
13853
13859
13861
13863
13865
13870
13880
13882
13884
13886
13887
13889
13891
13900
13902
13905
13915
13919
13922
13930
13934
13939
13943
13947
13953
13956
13960
13968
13990
13991
13994
13999
14009
14021
14027
14037
14046
14048
14052
14056
14057
14061
14066
14069
14083
14085
14090
14100
14104
14110
14112
14118
14120
14121
14127
14138
14139
14141
14143
14144
14162
14165
14166
14170
14179
14197
14199
14202
14203
14210
14216
14220
14223
14227
14231
14246
14249
14253
14261
14263
14264
14265
14268
14282
14283
14288
14291
14292
14293
14295
14297
14315
14343
14344
14345
14348
14355
14357
14359
14363
14364
14373
14389
14395
14397
14400
14405
14413
14418
14419
14424
14426
14441
14442
14443
14445
14446
14448
14461
14462
14465
14472
14474
14490
14495
14496
14498
14501
14507
14517
14519
14527
14531
14532
14539
14544
14546
14551
14552
14553
14556
14576
14577
14578
14583
14587
14590
14596
14600
14613
14614
14615
14626
14636
14637
14641
14642
14650
14653
14661
14664
14665
14666
14667
14669
14674
14692
14694
14702
14705
14711
14718
14729
14731
14737
14738
14741
14745
14750
14760
14774
14778
14783
14794
14798
14806
14819
14827
14830
14843
14851
14852
14853
14873
14875
14876
14881
14883
14892
14897
14907
14909
14910
14913
14944
14956
14960
14963
14968
14969
14975
14985
14987
14991
14997
14999
15002
15013
15014
15017
15025
15033
15041
15044
15050
15064
15069
15070
15071
15072
15083
15091
15100
15104
15106
15123
15126
15128
15129
15134
15137
15139
15145
15148
15152
15155
15156
15165
15166
15171
15180
15181
15182
15183
15187
15196
15206
15212
15216
15228
15233
15234
15238
15247
15252
15259
15261
15265
15280
15291
15299
15300
15301
15305
15307
15308
15318
15319
15324
15354
15359
15363
15364
15366
15368
15380
15398
15415
15420
15421
15427
15440
15443
15449
15463
15464
15467
15472
15473
15481
15489
15496
15498
15510
15520
15524
15531
15535
15538
15547
15550
15553
15560
15561
15562
15565
15568
15571
15572
15581
15589
15600
15605
15610
15611
15612
15613
15630
15646
15665
15667
15669
15670
15671
15673
15679
15691
15694
15697
15704
15707
15708
15723
15725
15730
15732
15734
15739
15741
15742
15743
15747
15750
15751
15758
15760
15761
15763
15775
15779
15799
15800
15806
15807
15810
15812
15820
15828
15829
15832
15844
15845
15848
15864
15866
15871
15878
15887
15892
15908
15909
15922
15924
15930
15935
15941
15945
15947
15950
15952
15955
15960
15969
15972
15982
15984
15991
15998
15999
16000
16004
16008
16018
16021
16026
16035
16055
16067
16068
16081
16084
16088
16097
16099
16104
16107
16110
16111
16113
16115
16121
16131
16149
16152
16159
16162
16168
16178
16186
16195
16209
16213
16214
16216
16236
16238
16247
16257
16266
16268
16272
16280
16283
16296
16300
16305
16313
16324
16328
16329
16330
16337
16350
16364
16368
16375
16394
16396
16402
16410
16412
16417
16418
16419
16428
16429
16455
16463
16465
16467
16468
16469
16476
16477
16488
16503
16512
16515
16522
16542
16549
16554
16557
16562
16566
16567
16572
16574
16575
16577
16588
16592
16596
16600
16606
16610
16615
16616
16627
16632
16644
16645
16650
16657
16659
16662
16665
16672
16674
16678
16679
16685
16687
16692
16718
16719
16720
16727
16734
16735
16739
16746
16751
16763
16781
16782
16783
16784
16792
16794
16802
16825
16826
16829
16832
16843
16851
16854
16856
16859
16868
16871
16872
16874
16879
16890
16895
16903
16910
16912
16919
16921
16926
16949
16966
16967
16968
16980
16987
16991
16994
17017
17020
17023
17035
17041
17048
17061
17063
17067
17069
17080
17083
17084
17086
17087
17104
17109
17110
17118
17123
17127
17132
17136
17142
17143
17151
17155
17156
17160
17161
17164
17170
17172
17179
17182
17188
17191
17194
17197
17208
17210
17212
17218
17221
17225
17227
17228
17230
17240
17244
17247
17256
17260
17261
17270
17276
17295
17297
17303
17305
17313
17318
17329
17343
17344
17345
17351
17354
17356
17358
17361
17363
17364
17370
17372
17385
17402
17404
17414
17423
17429
17433
17435
17440
17444
17445
17454
17460
17461
17462
17466
17469
17488
17489
17500
17502
17505
17507
17510
17519
17520
17528
17532
17539
17544
17547
17549
17557
17563
17566
17570
17571
17572
17581
17583
17584
17585
17589
17590
17591
17593
17603
17613
17614
17618
17623
17625
17627
17630
17631
17639
17640
17649
17654
17658
17659
17664
17665
17675
17678
17679
17686
17692
17694
17695
17697
17700
17704
17708
17716
17737
17740
17758
17765
17767
17769
17781
17784
17785
17794
17807
17814
17815
17816
17817
17820
17821
17822
17823
17825
17837
17845
17847
17856
17857
17858
17859
17872
17874
17877
17882
17886
17905
17906
17914
17920
17925
17931
17932
17939
17940
17941
17943
17945
17947
17950
17951
17962
17978
17982
17987
17991
17996
17998
18004
18009
18012
18013
18023
18026
18027
18029
18035
18061
18066
18067
18068
18073
18116
18124
18144
18147
18149
18151
18154
18164
18169
18191
18200
18203
18206
18215
18216
18217
18223
18226
18237
18247
18250
18265
18270
18276
18277
18279
18280
18285
18294
18299
18301
18314
18315
18328
18329
18331
18344
18347
18353
18359
18365
18367
18372
18380
18384
18395
18397
18402
18408
18410
18414
18426
18431
18432
18441
18451
18455
18470
18475
18479
18484
18491
18492
18493
18520
18522
18525
18527
18528
18532
18546
18553
18563
18567
18568
18577
18583
18591
18592
18598
18606
18614
18616
18619
18627
18635
18640
18658
18664
18669
18671
18673
18677
18686
18690
18696
18703
18704
18705
18707
18715
18716
18737
18745
18757
18758
18760
18763
18768
18770
18791
18797
18801
18805
18815
18816
18817
18819
18821
18836
18844
18845
18853
18858
18859
18860
18861
18863
18864
18866
18871
18895
18896
18907
18910
18914
18917
18920
18925
18932
18935
18937
18945
18947
18949
18953
18972
18973
18979
18981
18985
18989
18990
18992
18999
19004
19005
19009
19011
19026
19028
19029
19032
19037
19042
19046
19054
19072
19078
19079
19099
19103
19108
19118
19137
19143
19151
19157
19160
19163
19172
19175
19185
19189
19191
19194
19197
19199
19201
19202
19207
19215
19220
19222
19223
19240
19243
19244
19256
19261
19268
19273
19281
19286
19291
19292
19293
19294
19301
19333
19334
19338
19340
19345
19351
19366
19372
19379
19385
19387
19388
19390
19393
19407
19413
19414
19417
19422
19443
19448
19450
19455
19456
19463
19468
19471
19472
19475
19477
19478
19480
19483
19491
19503
19508
19509
19516
19518
19536
19538
19566
19567
19576
19582
19583
19585
19589
19606
19608
19612
19618
19621
19635
19637
19647
19652
19662
19670
19671
19673
19675
19682
19688
19689
19700
19702
19703
19705
19708
19710
19713
19715
19717
19725
19729
19730
19732
19734
19736
19738
19742
19762
19777
19799
19808
19809
19817
19819
19828
19835
19840
19843
19846
19852
19854
19858
19872
19873
19876
19877
19879
19894
19904
19912
19927
19930
19932
19939
19940
19941
19948
19958
19960
19963
19975
19985
19986
19991
20004
20012
20028
20030
20033
20037
20041
20043
20045
20053
20054
20063
20064
20065
20067
20073
20080
20081
20087
20091
20103
20104
20118
20127
20128
20131
20137
20141
20143
20151
20153
20159
20166
20167
20179
20180
20188
20197
20198
20203
20209
20223
20232
20236
20237
20239
20253
20254
20258
20260
20299
20300
20305
20306
20308
20312
20314
20316
20327
20331
20333
20344
20345
20348
20360
20364
20367
20369
20370
20373
20376
20380
20390
20391
20392
20399
20400
20401
20402
20406
20413
20419
20423
20424
20426
20439
20443
20452
20467
20468
20474
20481
20493
20497
20507
20510
20515
20518
20523
20536
20539
20544
20559
20567
20569
20573
20579
20582
20598
20611
20619
20621
20630
20634
20638
20639
20641
20644
20652
20653
20661
20663
20686
20693
20695
20697
20704
20711
20716
20733
20735
20764
20766
20776
20779
20782
20795
20796
20809
20810
20824
20826
20828
20830
20833
20860
20865
20867
20868
20876
20877
20879
20882
20883
20887
20891
20892
20900
20910
20911
20924
20926
20927
20942
20945
20951
20952
20955
20977
20985
20988
20991
20997
21000
21003
21007
21008
21010
21016
21022
21027
21028
21031
21032
21042
21054
21058
21062
21071
21075
21078
21080
21085
21096
21099
21125
21134
21138
21152
21158
21162
21163
21168
21170
21174
21189
21191
21193
21198
21205
21219
21223
21229
21231
21232
21235
21252
21257
21260
21264
21270
21274
21284
21285
21286
21297
21322
21326
21327
21329
21334
21335
21341
21343
21358
21360
21365
21376
21380
21390
21395
21401
21403
21409
21412
21428
21434
21435
21450
21454
21458
21464
21470
21472
21475
21485
21494
21498
21503
21512
21516
21518
21519
21526
21527
21533
21535
21537
21545
21547
21551
21561
21575
21577
21578
21582
21583
21585
21616
21621
21629
21643
21651
21652
21658
21666
21669
21672
21675
21677
21680
21688
21694
21705
21725
21728
21748
21749
21750
21753
21756
21761
21763
21765
21778
21784
21786
21787
21799
21803
21810
21820
21825
21829
21831
21835
21846
21848
21849
21869
21878
21881
21892
21893
21899
21903
21904
21906
21913
21914
21920
21924
21926
21936
21940
21941
21942
21951
21955
21967
21971
21974
21981
22004
22008
22013
22019
22023
22024
22028
22030
22031
22055
22062
22071
22074
22077
22079
22081
22085
22086
22095
22103
22110
22111
22115
22117
22119
22122
22124
22132
22134
22144
22146
22153
22165
22170
22177
22185
22190
22198
22208
22210
22211
22223
22225
22229
22231
22236
22255
22256
22259
22276
22282
22291
22306
22308
22311
22315
22317
22321
22322
22332
22333
22334
22338
22345
22350
22352
22353
22358
22359
22360
22367
22374
22381
22388
22389
22393
22396
22398
22412
22415
22421
22425
22431
22432
22439
22440
22446
22455
22458
22462
22464
22478
22479
22483
22484
22485
22488
22495
22496
22497
22503
22508
22509
22510
22526
22531
22532
22533
22534
22543
22546
22548
22549
22561
22568
22569
22573
22576
22581
22582
22587
22595
22598
22599
22619
22620
22621
22632
22634
22637
22653
22658
22660
22671
22672
22677
22680
22688
22696
22700
22702
22704
22731
22733
22740
22741
22742
22743
22751
22762
22763
22767
22777
22795
22804
22809
22812
22814
22818
22823
22824
22833
22837
22855
22857
22859
22860
22879
22885
22887
22888
22894
22895
22899
22918
22922
22947
22951
22954
22959
22962
22963
22981
22982
22983
22984
22990
23003
23005
23007
23010
23020
23030
23032
23033
23037
23040
23041
23044
23049
23053
23061
23072
23073
23077
23089
23099
23104
23107
23108
23109
23115
23118
23121
23130
23139
23141
23143
23147
23157
23159
23164
23168
23181
23182
23185
23188
23190
23194
23203
23206
23215
23216
23221
23222
23223
23231
23247
23253
23257
23261
23262
23265
23278
23280
23303
23306
23308
23312
23319
23320
23334
23337
23339
23350
23352
23355
23369
23375
23377
23390
23393
23400
23405
23406
23410
23415
23418
23421
23425
23428
23429
23436
23441
23443
23464
23469
23482
23483
23484
23492
23496
23508
23510
23511
23514
23517
23526
23532
23540
23541
23544
23547
23551
23571
23573
23576
23578
23579
23586
23589
23592
23594
23599
23603
23606
23607
23610
23617
23623
23632
23634
23644
23649
23653
23660
23664
23665
23667
23669
23671
23677
23686
23689
23698
23699
23702
23708
23712
23715
23723
23725
23727
23728
23732
23733
23735
23742
23747
23750
23761
23762
23765
23766
23787
23801
23803
23814
23816
23818
23820
23821
23837
23857
23860
23864
23869
23878
23879
23880
23883
23885
23887
23893
23895
23906
23908
23917
23918
23922
23923
23925
23930
23933
23934
23935
23937
23939
23947
23951
23963
23964
23966
23974
24000
24019
24021
24025
24027
24028
24030
24039
24040
24046
24055
24067
24069
24070
24077
24079
24080
24085
24087
24088
24089
24091
24093
24105
24107
24112
24114
24125
24132
24135
24149
24151
24160
24169
24170
24171
24173
24178
24181
24187
24188
24192
24199
24200
24201
24202
24205
24206
24207
24212
24215
24220
24223
24236
24237
24238
24246
24252
24257
24260
24262
24264
24269
24292
24294
24297
24299
24300
24306
24307
24309
24315
24316
24319
24320
24322
24326
24328
24331
24332
24340
24368
24374
24376
24379
24381
24384
24389
24392
24393
24395
24422
24424
24432
24434
24445
24453
24461
24466
24470
24475
24482
24492
24500
24519
24521
24523
24525
24527
24534
24538
24539
24547
24556
24564
24570
24573
24574
24576
24588
24595
24597
24598
24600
24613
24629
24632
24644
24645
24660
24661
24662
24667
24671
24673
24674
24675
24679
24682
24686
24687
24692
24698
24703
24709
24712
24714
24715
24720
24734
24735
24740
24744
24751
24753
24760
24764
24765
24772
24774
24775
24780
24782
24787
24789
24792
24796
24799
24809
24815
24820
24823
24827
24837
24849
24851
24852
24861
24871
24873
24875
24877
24878
24893
24897
24900
24917
24927
24946
24949
24951
24968
24973
24977
24983
24987
24994
24997
25001
25003
25015
25016
25019
25023
25024
25042
25057
25064
25065
25066
25067
25071
25084
25101
25103
25114
25115
25121
25126
25128
25142
25148
25149
25161
25162
25167
25169
25190
25194
25195
25198
25201
25205
25211
25215
25216
25217
25218
25223
25227
25230
25232
25240
25242
25243
25256
25257
25259
25270
25271
25279
25285
25291
25292
25293
25296
25302
25315
25316
25319
25327
25328
25333
25344
25345
25347
25352
25353
25373
25374
25375
25377
25383
25385
25386
25389
25391
25392
25394
25395
25398
25404
25408
25409
25413
25442
25445
25447
25448
25449
25453
25458
25467
25470
25472
25476
25479
25490
25493
25498
25507
25509
25515
25518
25520
25525
25539
25546
25547
25551
25552
25568
25580
25587
25592
25597
25616
25617
25623
25633
25638
25639
25641
25644
25664
25672
25676
25677
25679
25685
25694
25696
25699
25701
25713
25719
25720
25721
25722
25724
25732
25733
25734
25748
25749
25755
25757
25771
25783
25784
25785
25790
25798
25803
25807
25808
25809
25823
25831
25833
25836
25844
25846
25852
25855
25858
25863
25870
25889
25921
25932
25934
25940
25941
25943
25944
25946
25953
25975
25977
25984
25986
25988
25991
25996
26023
26031
26035
26039
26041
26043
26047
26052
26054
26058
26061
26062
26067
26068
26072
26080
26081
26082
26087
26090
26093
26101
26110
26113
26114
26115
26119
26121
26130
26132
26135
26139
26149
26150
26157
26170
26181
26186
26188
26205
26207
26209
26211
26212
26213
26214
26215
26218
26221
26223
26226
26227
26232
26233
26236
26239
26254
26255
26257
26260
26262
26265
26274
26277
26281
26294
26298
26303
26305
26310
26313
26314
26330
26331
26335
26336
26340
26353
26359
26362
26366
26372
26373
26379
26389
26400
26414
26421
26430
26443
26446
26447
26449
26452
26458
26468
26469
26470
26474
26478
26492
26499
26505
26507
26513
26519
26520
26524
26526
26534
26535
26541
26546
26550
26551
26558
26564
26577
26585
26586
26587
26598
26606
26611
26614
26616
26619
26622
26627
26628
26639
26640
26648
26657
26667
26672
26673
26674
26676
26689
26693
26697
26701
26704
26716
26722
26745
26749
26754
26756
26757
26760
26762
26765
26769
26771
26788
26792
26796
26808
26810
26822
26825
26828
26830
26839
26844
26845
26852
26853
26854
26857
26860
26861
26863
26871
26879
26880
26881
26891
26892
26895
26904
26905
26910
26913
26916
26922
26938
26939
26943
26945
26947
26958
26962
26964
26971
26977
26981
26990
26996
26998
27007
27008
27013
27014
27015
27021
27023
27026
27027
27030
27056
27062
27066
27070
27072
27082
27083
27096
27097
27101
27104
27106
27107
27114
27117
27120
27124
27129
27130
27141
27142
27150
27155
27161
27180
27183
27200
27205
27208
27209
27211
27218
27231
27236
27251
27255
27256
27259
27270
27293
27295
27296
27297
27298
27301
27302
27307
27309
27310
27311
27314
27316
27325
27334
27337
27339
27345
27355
27358
27360
27365
27366
27378
27382
27384
27396
27399
27402
27409
27413
27416
27418
27422
27425
27428
27433
27434
27436
27440
27441
27448
27459
27465
27466
27471
27474
27477
27490
27498
27503
27512
27518
27526
27530
27536
27542
27547
27551
27559
27560
27564
27566
27573
27574
27579
27583
27586
27588
27591
27595
27596
27598
27603
27605
27608
27620
27623
27624
27635
27636
27637
27650
27659
27677
27680
27682
27686
27691
27700
27703
27706
27707
27708
27710
27711
27713
27715
27716
27717
27723
27734
27736
27737
27742
27743
27744
27746
27756
27758
27762
27775
27779
27783
27787
27791
27799
27802
27803
27810
27829
27837
27838
27840
27863
27864
27873
27881
27890
27891
27893
27904
27918
27926
27927
27930
27934
27947
27948
27952
27955
27962
27963
27967
27972
27977
27979
27984
27987
27996
28005
28016
28041
28051
28053
28065
28067
28074
28079
28082
28083
28084
28092
28113
28115
28117
28122
28123
28139
28144
28149
28153
28156
28162
28167
28181
28187
28194
28196
28210
28212
28218
28234
28236
28248
28252
28256
28261
28262
28263
28277
28278
28299
28302
28305
28307
28318
28327
28329
28340
28345
28347
28358
28375
28376
28378
28379
28385
28393
28394
28397
28399
28403
28415
28420
28424
28426
28429
28433
28434
28437
28448
28460
28470
28474
28484
28494
28496
28497
28500
28502
28507
28515
28525
28528
28535
28543
28551
28555
28561
28562
28564
28567
28568
28569
28571
28572
28574
28575
28580
28584
28605
28606
28622
28654
28662
28664
28665
28671
28677
28680
28689
28690
28691
28696
28700
28701
28723
28732
28738
28742
28743
28750
28759
28765
28766
28771
28776
28778
28782
28784
28786
28798
28799
28801
28802
28811
28813
28815
28822
28825
28834
28846
28851
28859
28867
28868
28871
28873
28875
28876
28878
28883
28884
28891
28893
28894
28897
28899
28901
28907
28922
28923
28932
28941
28962
28966
29004
29009
29010
29013
29014
29022
29025
29026
29029
29043
29045
29047
29048
29056
29063
29069
29077
29079
29089
29095
29100
29104
29107
29111
29112
29117
29125
29130
29133
29139
29147
29156
29164
29173
29181
29183
29194
29195
29196
29197
29198
29204
29206
29208
29209
29214
29220
29221
29223
29225
29253
29257
29262
29263
29267
29278
29280
29284
29286
29291
29294
29302
29303
29309
29310
29316
29321
29324
29328
29329
29330
29339
29354
29358
29361
29363
29368
29372
29383
29386
29387
29402
29413
29414
29426
29428
29430
29432
29439
29440
29451
29478
29481
29487
29496
29498
29499
29500
29509
29515
29520
29523
29526
29532
29537
29546
29549
29552
29556
29563
29567
29572
29575
29587
29593
29595
29601
29602
29608
29619
29623
29627
29630
29634
29635
29638
29657
29667
29669
29682
29684
29691
29699
29700
29701
29702
29704
29707
29708
29719
29720
29722
29723
29726
29731
29733
29740
29749
29758
29759
29766
29767
29774
29777
29784
29785
29797
29800
29804
29817
29820
29827
29830
29831
29840
29850
29855
29860
29861
29866
29877
29878
29886
29921
29923
29935
29946
29957
29962
29963
29965
29979
29987
29988
29994
29995
29999
30010
30028
30034
30035
30037
30040
30050
30055
30058
30059
30063
30074
30077
30087
30089
30104
30109
30120
30125
30128
30135
30145
30150
30157
30159
30161
30173
30174
30176
30177
30183
30184
30188
30189
30203
30204
30207
30216
30217
30219
30224
30225
30232
30233
30237
30243
30252
30258
30267
30273
30281
30284
30307
30310
30333
30337
30342
30355
30358
30365
30379
30383
30384
30385
30401
30409
30417
30421
30424
30427
30428
30430
30433
30447
30455
30457
30458
30462
30463
30479
30484
30490
30491
30494
30497
30511
30513
30514
30518
30521
30523
30531
30535
30548
30556
30559
30560
30562
30564
30585
30588
30589
30594
30599
30604
30620
30622
30644
30647
30655
30657
30673
30674
30675
30679
30681
30689
30701
30703
30709
30711
30721
30722
30724
30725
30729
30731
30736
30737
30747
30751
30763
30770
30773
30774
30775
30783
30795
30811
30817
30823
30837
30842
30846
30849
30852
30856
30862
30864
30865
30871
30877
30881
30886
30888
30891
30895
30898
30903
30912
30924
30927
30937
30949
30958
30970
30976
30979
30981
30983
30985
30991
31004
31006
31007
31019
31024
31026
31028
31034
31040
31052
31057
31065
31068
31069
31074
31079
31086
31088
31089
31091
31107
31113
31125
31128
31129
31143
31145
31149
31151
31154
31159
31168
31176
31180
31183
31189
31194
31195
31197
31203
31207
31209
31217
31224
31236
31244
31249
31259
31276
31280
31286
31288
31305
31306
31308
31310
31313
31314
31319
31320
31321
31325
31326
31335
31338
31350
31358
31366
31371
31376
31384
31386
31393
31397
31405
31411
31419
31420
31426
31427
31429
31431
31443
31447
31448
31452
31467
31470
31471
31473
31474
31479
31481
31482
31493
31494
31498
31502
31503
31505
31509
31513
31514
31515
31527
31534
31542
31546
31554
31558
31562
31564
31567
31570
31579
31581
31582
31588
31598
31599
31601
31610
31613
31616
31617
31633
31636
31643
31651
31652
31653
31661
31668
31673
31678
31683
31688
31696
31700
31704
31705
31709
31716
31725
31727
31729
31730
31731
31733
31749
31758
31770
31774
31775
31776
31785
31794
31804
31805
31812
31819
31821
31824
31833
31834
31837
31838
31845
31846
31855
31856
31858
31862
31865
31876
31886
31902
31907
31909
31913
31916
31930
31937
31945
31954
31959
31969
31976
31978
31983
31995
32007
32016
32022
32029
32034
32038
32044
32045
32047
32054
32060
32063
32067
32080
32096
32100
32116
32118
32119
32122
32128
32147
32151
32154
32158
32167
32171
32174
32176
32178
32185
32192
32206
32214
32233
32241
32242
32270
32272
32276
32284
32285
32290
32292
32307
32313
32317
32318
32325
32327
32339
32342
32345
32353
32360
32371
32374
32375
32385
32388
32397
32403
32411
32416
32421
32422
32423
32424
32427
32432
32443
32452
32456
32457
32470
32475
32479
32484
32487
32490
32493
32495
32501
32505
32515
32519
32521
32522
32528
32543
32545
32550
32552
32578
32593
32596
32607
32611
32617
32619
32622
32625
32628
32647
32653
32655
32663
32670
32674
32682
32688
32695
32699
32700
32707
32715
32716
32717
32722
32724
32729
32730
32731
32737
32741
32746
32758
32768
32778
32779
32783
32805
32814
32820
32821
32830
32831
32833
32846
32848
32854
32869
32871
32874
32878
32885
32890
32895
32907
32919
32927
32938
32939
32950
32952
32955
32963
32973
32976
32977
32986
32990
32991
32998
33002
33011
33012
33018
33022
33023
33025
33028
33030
33031
33032
33036
33041
33051
33060
33062
33067
33072
33073
33078
33080
33094
33103
33105
33114
33120
33134
33140
33142
33145
33156
33157
33164
33168
33175
33177
33180
33181
33185
33189
33192
33193
33194
33198
33199
33206
33218
33223
33224
33225
33231
33232
33233
33238
33244
33246
33247
33248
33266
33269
33272
33274
33293
33322
33329
33330
33332
33349
33352
33363
33367
33369
33377
33387
33390
33395
33396
33402
33411
33414
33416
33419
33421
33423
33433
33435
33454
33459
33461
33463
33467
33469
33473
33475
33477
33478
33483
33490
33492
33493
33495
33500
33510
33515
33519
33533
33538
33539
33545
33546
33549
33563
33573
33576
33577
33598
33602
33604
33605
33608
33616
33639
33641
33645
33647
33657
33664
33667
33668
33675
33679
33681
33683
33686
33687
33700
33701
33704
33720
33721
33724
33726
33728
33736
33754
33762
33766
33767
33775
33784
33786
33790
33799
33800
33802
33806
33810
33823
33824
33826
33830
33837
33845
33851
33852
33854
33857
33858
33862
33872
33886
33892
33907
33911
33913
33914
33917
33920
33922
33924
33930
33937
33939
33946
33949
33950
33965
33967
33972
33976
33979
33982
33984
33985
33998
33999
34013
34017
34021
34024
34028
34031
34035
34036
34037
34044
34047
34060
34070
34073
34079
34081
34083
34085
34090
34094
34096
34098
34104
34107
34108
34120
34126
34127
34129
34130
34132
34135
34136
34137
34155
34158
34163
34165
34173
34190
34191
34193
34194
34202
34211
34213
34216
34218
34220
34222
34226
34232
34237
34242
34249
34251
34254
34255
34258
34259
34273
34281
34289
34296
34305
34307
34311
34314
34315
34338
34339
34360
34361
34362
34375
34376
34387
34389
34394
34395
34399
34400
34402
34411
34414
34419
34422
34423
34426
34428
34432
34436
34445
34448
34454
34455
34457
34464
34466
34471
34472
34473
34475
34476
34477
34489
34491
34500
34509
34516
34526
34535
34540
34551
34554
34556
34558
34561
34562
34564
34565
34566
34578
34603
34605
34614
34617
34619
34623
34646
34666
34674
34682
34684
34685
34690
34693
34695
34696
34697
34701
34703
34708
34712
34719
34720
34729
34733
34739
34743
34744
34751
34752
34755
34760
34762
34770
34779
34793
34801
34802
34803
34811
34819
34820
34821
34830
34837
34855
34869
34872
34874
34880
34881
34889
34895
34908
34921
34925
34934
34938
34939
34941
34942
34944
34956
34957
34958
34959
34966
34974
34979
34989
34992
35006
35009
35012
35021
35024
35028
35035
35051
35057
35075
35081
35083
35087
35092
35094
35095
35101
35102
35109
35113
35117
35121
35125
35127
35132
35133
35137
35139
35142
35143
35153
35159
35161
35171
35179
35182
35183
35189
35196
35198
35214
35218
35226
35229
35232
35233
35234
35235
35242
35257
35262
35264
35278
35284
35292
35293
35301
35313
35318
35331
35338
35339
35341
35349
35352
35370
35372
35375
35380
35400
35402
35407
35411
35412
35425
35430
35435
35438
35440
35442
35445
35457
35460
35462
35471
35476
35484
35499
35500
35502
35503
35508
35513
35524
35533
35540
35547
35549
35554
35561
35566
35573
35580
35584
35590
35597
35598
35600
35617
35619
35622
35623
35631
35642
35643
35652
35654
35661
35668
35669
35671
35679
35684
35696
35701
35710
35713
35721
35728
35731
35739
35750
35762
35766
35770
35789
35794
35797
35799
35805
35807
35808
35812
35814
35822
35826
35830
35835
35837
35838
35845
35846
35848
35852
35862
35874
35876
35880
35887
35888
35890
35893
35896
35900
35908
35914
35915
35918
35923
35926
35927
35933
35953
35954
35956
35958
35962
35964
35979
35981
35983
35986
35989
35990
36002
36006
36010
36012
36019
36020
36033
36040
36047
36050
36054
36055
36059
36063
36064
36070
36078
36080
36087
36090
36092
36095
36100
36111
36116
36120
36125
36126
36129
36131
36141
36145
36160
36165
36166
36172
36176
36179
36184
36187
36190
36193
36194
36197
36202
36205
36211
36224
36231
36239
36250
36260
36265
36271
36280
36282
36286
36287
36288
36295
36302
36313
36315
36330
36339
36349
36352
36365
36371
36373
36381
36382
36388
36409
36411
36417
36420
36423
36430
36432
36439
36441
36450
36467
36473
36484
36485
36494
36497
36502
36506
36508
36512
36513
36516
36518
36520
36522
36527
36528
36529
36534
36536
36544
36563
36565
36574
36575
36582
36586
36589
36594
36597
36600
36603
36611
36615
36616
36628
36631
36632
36634
36639
36657
36659
36661
36664
36670
36671
36673
36688
36696
36709
36718
36721
36722
36723
36725
36728
36730
36732
36752
36759
36764
36767
36778
36789
36792
36800
36809
36818
36825
36827
36829
36841
36842
36852
36854
36857
36861
36863
36868
36881
36882
36883
36885
36890
36893
36912
36913
36916
36920
36924
36930
36939
36951
36953
36954
36958
36961
36962
36967
36976
36990
36995
36999
37000
37001
37005
37010
37019
37024
37027
37029
37034
37035
37045
37046
37055
37056
37060
37069
37070
37086
37088
37089
37091
37096
37106
37108
37109
37121
37126
37127
37139
37141
37153
37159
37167
37169
37175
37185
37196
37205
37206
37214
37215
37216
37227
37267
37272
37274
37301
37305
37313
37314
37324
37325
37334
37339
37350
37356
37365
37367
37374
37386
37392
37397
37403
37406
37409
37414
37422
37425
37426
37427
37433
37438
37443
37453
37458
37461
37470
37473
37478
37484
37485
37488
37490
37497
37503
37508
37520
37521
37522
37523
37528
37533
37536
37540
37542
37551
37564
37569
37574
37587
37599
37608
37618
37623
37631
37633
37637
37648
37652
37653
37654
37659
37670
37679
37688
37699
37701
37705
37707
37711
37712
37717
37737
37753
37759
37764
37765
37774
37786
37787
37789
37794
37795
37798
37802
37805
37806
37810
37816
37819
37825
37826
37827
37837
37839
37840
37843
37847
37849
37869
37870
37874
37875
37881
37886
37897
37915
37921
37925
37937
37938
37941
37948
37949
37956
37962
37967
37969
37976
37982
37984
37988
37994
37996
38002
38011
38015
38019
38035
38036
38043
38044
38045
38062
38065
38082
38085
38093
38103
38105
38111
38119
38128
38134
38141
38143
38145
38146
38148
38153
38160
38168
38177
38178
38181
38188
38201
38207
38208
38210
38212
38215
38218
38225
38227
38231
38240
38258
38264
38267
38268
38269
38272
38285
38288
38302
38307
38317
38319
38331
38333
38341
38351
38355
38358
38365
38375
38377
38385
38396
38398
38407
38417
38419
38422
38425
38428
38431
38432
38449
38455
38466
38472
38489
38490
38496
38504
38514
38522
38530
38532
38535
38537
38543
38555
38570
38572
38577
38582
38585
38591
38593
38597
38601
38603
38607
38608
38618
38622
38632
38635
38656
38663
38664
38665
38676
38679
38680
38685
38688
38696
38697
38700
38704
38717
38720
38721
38728
38729
38730
38733
38742
38760
38766
38772
38782
38786
38790
38792
38793
38797
38806
38816
38817
38822
38826
38827
38834
38837
38839
38840
38843
38862
38863
38865
38867
38905
38915
38934
38939
38941
38950
38951
38963
38970
38972
38976
38980
38989
38993
38994
38996
38998
39007
39034
39037
39044
39055
39068
39069
39070
39073
39074
39075
39076
39078
39079
39080
39086
39089
39092
39102
39103
39119
39132
39152
39154
39170
39183
39184
39185
39186
39193
39199
39201
39205
39228
39229
39242
39251
39253
39254
39255
39256
39261
39263
39264
39265
39270
39273
39274
39277
39280
39283
39287
39291
39297
39298
39299
39301
39303
39307
39317
39320
39329
39330
39343
39350
39352
39368
39373
39379
39387
39393
39394
39395
39401
39405
39411
39412
39417
39424
39426
39436
39442
39450
39458
39464
39466
39474
39478
39481
39483
39485
39489
39494
39496
39501
39502
39504
39506
39512
39513
39517
39526
39530
39535
39536
39549
39550
39552
39554
39555
39558
39563
39567
39571
39573
39583
39589
39593
39603
39609
39629
39632
39634
39635
39636
39637
39641
39660
39661
39662
39666
39672
39674
39675
39691
39692
39695
39697
39715
39719
39721
39722
39741
39744
39745
39749
39752
39754
39760
39770
39774
39789
39792
39793
39798
39804
39806
39810
39813
39814
39822
39829
39833
39838
39841
39845
39857
39859
39864
39869
39876
39887
39888
39892
39901
39913
39923
39927
39929
39933
39935
39940
39946
39956
39962
39965
39968
39974
39975
39977
39982
39991
39993
39995
39998
39999
40004
40019
40025
40030
40034
40045
40047
40062
40065
40077
40079
40080
40082
40083
40085
40089
40099
40115
40117
40131
40144
40150
40165
40167
40168
40172
40181
40189
40190
40211
40220
40223
40227
40232
40235
40242
40250
40253
40254
40255
40260
40261
40262
40268
40269
40270
40273
40278
40284
40286
40293
40301
40313
40325
40327
40331
40335
40337
40339
40340
40343
40345
40348
40350
40356
40362
40364
40365
40366
40367
40368
40376
40382
40383
40398
40406
40408
40414
40422
40427
40433
40445
40452
40453
40455
40456
40463
40465
40467
40491
40496
40498
40506
40510
40513
40515
40525
40532
40533
40538
40541
40546
40547
40549
40550
40565
40567
40578
40581
40595
40596
40597
40600
40601
40605
40613
40628
40647
40650
40663
40668
40670
40673
40678
40685
40686
40690
40691
40696
40706
40707
40708
40713
40714
40728
40729
40741
40745
40747
40755
40761
40770
40780
40789
40794
40795
40797
40799
40805
40811
40813
40821
40834
40848
40866
40868
40869
40870
40876
40879
40889
40894
40895
40897
40898
40914
40920
40921
40941
40942
40946
40952
40955
40956
40981
40991
40993
41004
41013
41017
41022
41023
41027
41031
41034
41036
41041
41042
41046
41054
41055
41056
41057
41061
41064
41077
41079
41081
41083
41090
41093
41097
41101
41112
41115
41118
41123
41127
41146
41149
41151
41160
41169
41177
41183
41201
41204
41206
41220
41226
41229
41236
41238
41239
41240
41247
41249
41252
41258
41265
41271
41273
41281
41282
41283
41287
41295
41299
41300
41310
41323
41326
41337
41346
41357
41360
41363
41370
41378
41382
41387
41388
41390
41394
41396
41409
41413
41414
41418
41420
41421
41424
41440
41441
41446
41454
41460
41462
41466
41471
41486
41494
41501
41503
41522
41533
41540
41551
41557
41564
41565
41567
41572
41574
41577
41579
41582
41585
41590
41591
41597
41600
41602
41616
41618
41624
41630
41634
41646
41651
41654
41656
41660
41663
41675
41695
41699
41702
41705
41711
41713
41714
41717
41719
41733
41741
41745
41748
41755
41759
41768
41770
41778
41781
41784
41785
41788
41791
41798
41805
41807
41810
41818
41820
41830
41831
41836
41837
41838
41840
41854
41858
41873
41881
41885
41890
41891
41892
41895
41904
41909
41912
41915
41919
41922
41947
41951
41952
41953
41955
41957
41965
41972
41974
41985
41987
41990
41991
41992
42002
42003
42015
42017
42023
42037
42042
42047
42050
42058
42059
42069
42070
42074
42075
42080
42086
42099
42100
42116
42140
42142
42153
42168
42178
42179
42180
42189
42192
42195
42200
42206
42209
42213
42215
42221
42223
42225
42227
42231
42234
42243
42245
42246
42249
42256
42260
42261
42266
42272
42273
42277
42289
42296
42303
42304
42306
42321
42332
42343
42347
42348
42354
42356
42369
42372
42382
42389
42390
42398
42400
42410
42413
42418
42429
42435
42438
42443
42449
42451
42477
42478
42479
42480
42507
42508
42509
42514
42515
42524
42533
42540
42541
42551
42564
42565
42575
42576
42588
42598
42601
42608
42613
42620
42628
42629
42630
42637
42640
42646
42648
42651
42656
42658
42659
42660
42662
42683
42686
42698
42703
42715
42716
42720
42728
42736
42743
42745
42751
42773
42776
42777
42787
42797
42805
42808
42813
42814
42815
42827
42837
42838
42846
42850
42857
42865
42869
42881
42882
42907
42923
42925
42928
42931
42932
42938
42948
42951
42960
42974
42978
42979
42982
42990
42991
43008
43015
43017
43033
43038
43049
43062
43063
43065
43069
43074
43075
43085
43087
43098
43106
43107
43118
43120
43133
43140
43148
43163
43171
43172
43182
43183
43185
43196
43197
43198
43203
43207
43214
43221
43222
43229
43243
43252
43256
43257
43269
43272
43274
43284
43319
43335
43336
43346
43350
43352
43372
43373
43383
43384
43385
43391
43392
43404
43406
43415
43424
43429
43430
43433
43443
43449
43450
43451
43456
43461
43466
43470
43476
43478
43481
43484
43490
43499
43504
43510
43511
43512
43514
43521
43530
43540
43541
43542
43562
43575
43582
43583
43586
43588
43601
43603
43604
43621
43625
43627
43641
43642
43650
43651
43653
43658
43672
43692
43696
43698
43699
43701
43704
43705
43710
43715
43720
43721
43729
43734
43735
43738
43744
43758
43763
43778
43779
43780
43781
43782
43788
43794
43795
43796
43798
43800
43807
43810
43817
43830
43832
43846
43848
43859
43866
43872
43877
43878
43884
43885
43886
43889
43909
43911
43925
43928
43931
43935
43943
43957
43960
43966
43972
43986
43993
43995
44002
44003
44010
44017
44024
44025
44029
44030
44034
44035
44039
44042
44044
44046
44047
44048
44054
44056
44062
44063
44066
44067
44068
44072
44076
44082
44084
44088
44094
44096
44100
44123
44125
44130
44140
44153
44158
44162
44169
44170
44182
44184
44187
44189
44192
44204
44205
44210
44217
44220
44227
44249
44251
44252
44254
44255
44263
44271
44272
44276
44277
44281
44283
44291
44296
44298
44313
44315
44321
44327
44340
44347
44362
44369
44370
44372
44375
44382
44406
44416
44421
44422
44424
44427
44430
44431
44434
44454
44457
44463
44464
44470
44471
44473
44477
44479
44486
44488
44492
44500
44502
44512
44513
44520
44522
44528
44532
44541
44545
44551
44552
44557
44560
44570
44573
44576
44578
44589
44595
44598
44600
44601
44603
44605
44618
44628
44629
44637
44643
44645
44646
44648
44649
44654
44676
44677
44682
44684
44699
44705
44710
44713
44717
44726
44736
44747
44749
44751
44760
44763
44775
44778
44787
44790
44828
44831
44842
44844
44846
44850
44854
44858
44861
44862
44871
44874
44883
44885
44894
44896
44901
44907
44914
44916
44917
44928
44932
44934
44950
44951
44952
44956
44957
44959
44965
44977
44982
44984
44988
44989
44990
44994
45023
45030
45033
45034
45036
45037
45039
45040
45041
45042
45043
45046
45047
45048
45053
45061
45066
45070
45071
45079
45083
45089
45091
45093
45109
45111
45117
45119
45120
45135
45138
45141
45150
45152
45164
45165
45166
45168
45180
45181
45193
45197
45201
45211
45217
45227
45230
45234
45240
45241
45252
45254
45257
45269
45270
45274
45277
45286
45287
45290
45309
45318
45324
45333
45341
45345
45350
45361
45362
45371
45373
45374
45375
45380
45394
45401
45407
45410
45419
45424
45426
45432
45439
45440
45445
45449
45463
45467
45470
45483
45486
45490
45503
45507
45528
45532
45538
45539
45552
45553
45557
45565
45569
45576
45578
45581
45583
45592
45596
45603
45607
45609
45629
45633
45635
45639
45643
45645
45647
45648
45652
45656
45658
45665
45668
45669
45671
45675
45680
45686
45692
45700
45705
45710
45721
45723
45742
45746
45751
45758
45759
45765
45766
45780
45782
45785
45807
45818
45819
45821
45828
45831
45833
45843
45852
45855
45857
45858
45862
45864
45873
45875
45882
45885
45891
45893
45900
45901
45908
45913
45914
45915
45930
45936
45944
45947
45948
45954
45962
45978
45993
46009
46012
46016
46025
46029
46032
46042
46047
46049
46054
46057
46058
46060
46065
46066
46072
46076
46082
46085
46093
46097
46102
46103
46104
46123
46125
46126
46128
46139
46154
46155
46156
46158
46168
46185
46188
46195
46216
46231
46234
46259
46260
46267
46285
46286
46293
46295
46296
46314
46320
46333
46337
46342
46343
46350
46364
46366
46367
46369
46371
46402
46417
46426
46427
46431
46439
46441
46445
46446
46447
46463
46465
46468
46478
46485
46488
46492
46494
46504
46505
46507
46514
46517
46518
46522
46525
46532
46533
46534
46541
46543
46555
46559
46561
46567
46575
46584
46585
46587
46590
46592
46598
46601
46617
46628
46630
46644
46646
46652
46655
46657
46663
46667
46674
46679
46683
46691
46693
46694
46699
46700
46702
46706
46717
46721
46739
46741
46744
46755
46757
46761
46762
46769
46774
46775
46776
46778
46781
46790
46793
46803
46804
46810
46812
46818
46820
46823
46826
46828
46840
46851
46852
46862
46867
46870
46874
46877
46889
46896
46899
46906
46909
46938
46956
46968
46970
46973
46986
46989
46993
47001
47004
47009
47013
47022
47032
47033
47042
47053
47056
47065
47077
47081
47094
47095
47099
47106
47120
47127
47136
47137
47146
47149
47151
47164
47179
47180
47189
47190
47193
47196
47203
47211
47214
47215
47217
47221
47230
47234
47236
47239
47254
47256
47262
47268
47279
47280
47283
47285
47289
47292
47294
47297
47301
47302
47312
47313
47318
47321
47323
47324
47328
47329
47348
47360
47365
47366
47378
47382
47386
47393
47396
47401
47403
47413
47417
47423
47425
47427
47431
47434
47442
47448
47449
47454
47461
47470
47479
47496
47502
47504
47514
47519
47520
47521
47530
47541
47553
47554
47562
47565
47567
47568
47587
47609
47610
47612
47616
47632
47636
47643
47645
47648
47652
47663
47664
47669
47674
47684
47685
47689
47700
47703
47710
47716
47721
47722
47730
47731
47738
47747
47751
47753
47770
47784
47789
47793
47799
47801
47805
47815
47816
47818
47821
47825
47831
47835
47840
47845
47857
47868
47873
47875
47876
47880
47886
47891
47893
47894
47898
47917
47918
47924
47935
47936
47944
47947
47957
47961
47964
47975
47976
47977
48001
48007
48008
48011
48023
48026
48028
48035
48042
48048
48054
48057
48058
48060
48068
48080
48087
48089
48102
48103
48107
48123
48128
48144
48145
48147
48148
48150
48154
48161
48162
48167
48168
48173
48175
48178
48183
48185
48189
48194
48195
48206
48216
48229
48231
48236
48241
48249
48258
48262
48267
48270
48271
48272
48276
48278
48296
48297
48298
48299
48300
48301
48313
48314
48315
48317
48321
48337
48345
48347
48348
48349
48354
48360
48361
48388
48389
48395
48415
48416
48417
48426
48429
48440
48442
48446
48452
48460
48462
48467
48470
48472
48488
48502
48503
48528
48530
48535
48537
48542
48544
48548
48559
48567
48575
48577
48585
48588
48590
48593
48594
48609
48611
48613
48615
48616
48620
48635
48643
48649
48667
48677
48680
48682
48685
48688
48703
48705
48708
48710
48714
48719
48720
48721
48723
48730
48735
48738
48752
48756
48764
48770
48777
48779
48790
48791
48792
48793
48795
48802
48803
48806
48814
48815
48816
48819
48823
48829
48838
48839
48841
48845
48849
48858
48878
48879
48880
48890
48895
48897
48904
48907
48909
48911
48913
48916
48923
48928
48929
48931
48932
48933
48936
48953
48973
48979
48987
49010
49012
49019
49027
49031
49041
49047
49050
49056
49072
49076
49077
49086
49093
49097
49099
49100
49103
49106
49110
49113
49116
49118
49124
49139
49143
49149
49156
49161
49168
49173
49178
49181
49183
49187
49198
49200
49201
49208
49214
49220
49235
49251
49253
49254
49259
49260
49273
49276
49278
49281
49283
49288
49289
49290
49297
49302
49305
49306
49308
49309
49313
49314
49321
49322
49329
49332
49341
49343
49346
49351
49357
49371
49376
49377
49380
49391
49406
49409
49413
49418
49421
49428
49436
49437
49438
49440
49444
49448
49451
49457
49466
49470
49478
49479
49491
49495
49497
49529
49536
49546
49553
49554
49568
49570
49574
49575
49576
49583
49589
49591
49592
49601
49615
49616
49620
49636
49640
49641
49652
49654
49657
49659
49665
49670
49682
49686
49695
49696
49697
49703
49707
49714
49717
49727
49730
49742
49743
49744
49755
49762
49763
49765
49766
49771
49772
49773
49781
49782
49791
49795
49796
49797
49808
49821
49826
49827
49828
49829
49834
49841
49845
49846
49850
49855
49861
49866
49868
49878
49895
49896
49904
49905
49909
49910
49911
49912
49916
49918
49929
49930
49931
49932
49934
49935
49938
49940
49941
49942
49964
49967
49968
49977
49978
49994
50001
50002
50005
50009
50012
50015
50017
50018
50023
50026
50027
50033
50046
50053
50055
50061
50067
50072
50080
50083
50093
50107
50112
50113
50130
50132
50155
50162
50163
50166
50167
50174
50184
50187
50190
50202
50206
50209
50211
50213
50217
50218
50231
50242
50245
50252
50254
50258
50262
50267
50268
50273
50279
50283
50290
50292
50294
50296
50309
50322
50338
50340
50352
50358
50365
50366
50381
50392
50404
50424
50425
50437
50448
50457
50466
50467
50468
50480
50486
50494
50499
50502
50503
50515
50525
50526
50528
50536
50540
50544
50548
50559
50560
50563
50566
50570
50577
50584
50585
50589
50593
50598
50599
50602
50606
50615
50621
50622
50628
50645
50650
50659
50664
50665
50679
50681
50686
50689
50690
50696
50708
50712
50713
50714
50720
50721
50729
50731
50735
50741
50744
50745
50751
50753
50763
50767
50782
50784
50785
50787
50789
50790
50795
50804
50806
50807
50808
50820
50825
50830
50841
50848
50852
50857
50869
50874
50876
50879
50892
50896
50897
50902
50924
50932
50934
50955
50964
50971
50979
50980
50984
50988
50992
50994
51000
51004
51013
51024
51025
51027
51028
51031
51035
51037
51048
51058
51059
51060
51064
51074
51086
51088
51098
51099
51100
51113
51115
51118
51141
51176
51181
51183
51185
51186
51189
51193
51194
51200
51205
51215
51221
51240
51253
51255
51260
51261
51264
51274
51282
51283
51284
51293
51294
51308
51311
51313
51315
51318
51336
51345
51357
51358
51371
51372
51380
51382
51384
51392
51394
51403
51404
51409
51414
51417
51427
51430
51435
51438
51448
51456
51468
51472
51476
51478
51485
51491
51495
51499
51510
51511
51522
51530
51540
51543
51544
51552
51565
51574
51577
51580
51581
51584
51587
51589
51590
51595
51596
51601
51603
51607
51609
51615
51616
51617
51618
51626
51640
51642
51644
51645
51653
51659
51661
51664
51671
51673
51675
51676
51678
51682
51688
51697
51708
51712
51714
51721
51722
51724
51728
51730
51731
51733
51742
51743
51744
51750
51765
51780
51784
51787
51797
51799
51800
51806
51807
51812
51818
51832
51847
51859
51861
51864
51866
51880
51883
51888
51894
51916
51919
51921
51922
51924
51925
51931
51945
51949
51950
51951
51954
51959
51975
51977
51981
51986
51992
52013
52024
52025
52028
52032
52035
52037
52039
52049
52056
52062
52067
52068
52072
52075
52078
52079
52089
52090
52091
52101
52103
52104
52120
52131
52138
52142
52144
52155
52160
52170
52174
52193
52194
52198
52200
52209
52211
52213
52218
52222
52229
52233
52238
52247
52252
52253
52255
52261
52262
52272
52279
52281
52292
52301
52302
52316
52317
52321
52322
52324
52328
52339
52340
52350
52359
52371
52385
52398
52413
52415
52417
52419
52422
52426
52428
52436
52438
52439
52443
52445
52451
52452
52462
52467
52489
52501
52508
52509
52512
52520
52521
52525
52526
52543
52551
52552
52553
52554
52560
52564
52575
52590
52592
52593
52596
52604
52610
52627
52635
52637
52640
52644
52649
52650
52653
52660
52661
52673
52674
52681
52692
52693
52694
52700
52704
52710
52717
52723
52729
52732
52735
52736
52737
52743
52747
52769
52773
52780
52790
52793
52797
52799
52800
52804
52808
52816
52823
52824
52838
52841
52846
52848
52849
52853
52856
52857
52858
52859
52860
52864
52866
52867
52871
52874
52880
52884
52885
52892
52896
52908
52910
52922
52924
52929
52930
52931
52933
52938
52957
52961
52963
52972
52974
52975
52978
52980
52988
52991
52995
52999
53001
53004
53023
53024
53027
53028
53029
53030
53039
53043
53047
53049
53051
53062
53064
53069
53072
53094
53095
53096
53097
53099
53125
53129
53132
53136
53137
53139
53140
53141
53144
53153
53157
53161
53169
53170
53174
53190
53197
53198
53199
53216
53217
53235
53237
53238
53244
53246
53251
53254
53258
53265
53267
53269
53278
53280
53290
53303
53306
53318
53320
53342
53349
53363
53377
53383
53387
53389
53394
53397
53402
53403
53405
53412
53414
53415
53417
53420
53422
53424
53439
53440
53441
53442
53448
53450
53458
53483
53493
53495
53502
53507
53512
53513
53516
53529
53530
53537
53539
53540
53543
53550
53551
53552
53555
53556
53561
53564
53572
53586
53587
53588
53589
53590
53599
53608
53612
53614
53615
53618
53629
53630
53633
53639
53642
53651
53652
53666
53671
53673
53684
53710
53717
53721
53723
53727
53729
53731
53733
53740
53741
53748
53752
53761
53762
53767
53776
53778
53779
53783
53786
53787
53789
53795
53796
53803
53805
53807
53809
53816
53818
53822
53828
53837
53843
53850
53853
53857
53863
53873
53875
53882
53883
53889
53905
53916
53940
53943
53950
53951
53954
53958
53969
53972
53982
53988
53998
54014
54017
54024
54026
54028
54033
54037
54039
54040
54047
54049
54052
54054
54056
54059
54060
54069
54075
54076
54079
54080
54082
54084
54087
54088
54091
54095
54096
54099
54103
54120
54123
54126
54128
54138
54140
54147
54163
54175
54180
54193
54195
54196
54201
54213
54217
54224
54239
54240
54243
54248
54250
54260
54261
54265
54272
54285
54292
54304
54307
54313
54316
54320
54321
54327
54328
54329
54331
54333
54335
54337
54343
54346
54348
54360
54361
54363
54376
54381
54384
54389
54394
54396
54406
54415
54419
54423
54427
54431
54432
54435
54448
54452
54458
54473
54475
54505
54514
54518
54523
54531
54534
54538
54558
54560
54562
54568
54574
54575
54593
54600
54602
54616
54620
54622
54628
54632
54642
54645
54646
54647
54650
54653
54655
54669
54670
54671
54674
54675
54680
54682
54687
54704
54705
54706
54712
54718
54731
54735
54746
54755
54757
54759
54765
54779
54785
54788
54792
54804
54807
54822
54824
54826
54831
54841
54844
54846
54853
54864
54867
54876
54877
54878
54881
54882
54883
54889
54890
54894
54896
54898
54901
54904
54907
54909
54914
54923
54930
54947
54955
54965
54982
54984
54988
54990
54993
54998
